,depth below sea level (m),gamma ray
0,592.5312000000001,87.772
1,592.6836000000001,86.906
2,592.836,83.441
3,592.9884,84.926
4,593.1408000000001,87.649
5,593.2932000000001,86.906
6,593.4456,87.154
7,593.598,85.916
8,593.7504000000001,83.564
9,593.9028000000001,86.163
10,594.0552,88.886
11,594.2076,88.886
12,594.3600000000001,90.124
13,594.5124000000001,91.238
14,594.6648,87.772
15,594.8172,85.421
16,594.9696000000001,83.564
17,595.1220000000001,78.861
18,595.2744,76.75
19,595.4268,78.614
20,595.5792000000001,77.624
21,595.7316000000001,73.0
22,595.884,72.25
23,596.0364,74.5
24,596.1888000000001,76.0
25,596.3412000000001,77.125
26,596.4936,77.125
27,596.646,76.625
28,596.7984000000001,76.0
29,596.9508000000001,76.875
30,597.1032,77.624
31,597.2556,77.375
32,597.4080000000001,77.871
33,597.5604000000001,76.625
34,597.7128,74.75
35,597.8652,77.624
36,598.0176000000001,77.748
37,598.1700000000001,74.125
38,598.3224,70.25
39,598.4748,71.25
40,598.6272000000001,73.25
41,598.7796000000001,71.5
42,598.932,77.995
43,599.0844,84.555
44,599.2368000000001,90.248
45,599.3892000000001,92.104
46,599.5416,89.257
47,599.694,85.545
48,599.8464000000001,84.307
49,599.9988000000001,81.584
50,600.1512,84.059
51,600.3036,86.411
52,600.4560000000001,84.802
53,600.6084000000001,80.594
54,600.7608,79.48
55,600.9132,80.842
56,601.0656000000001,82.451
57,601.2180000000001,81.089
58,601.3704,77.871
59,601.5228,75.875
60,601.6752000000001,79.604
61,601.8276000000001,82.574
62,601.98,83.688
63,602.1324,85.05
64,602.2848000000001,82.822
65,602.4372000000001,78.119
66,602.5896,75.125
67,602.742,73.25
68,602.8944000000001,75.625
69,603.0468000000001,78.614
70,603.1992,79.852
71,603.3516,79.728
72,603.5040000000001,81.46
73,603.6564000000001,83.441
74,603.8088,84.183
75,603.9612,82.698
76,604.1136000000001,80.347
77,604.2660000000001,78.861
78,604.4184,81.832
79,604.5708,84.678
80,604.7232000000001,85.916
81,604.8756000000001,86.535
82,605.028,83.441
83,605.1804,78.614
84,605.3328000000001,74.125
85,605.4852000000001,69.75
86,605.6376,68.875
87,605.79,70.125
88,605.9424000000001,73.625
89,606.0948000000001,77.871
90,606.2472,76.75
91,606.3996,72.5
92,606.5520000000001,72.5
93,606.7044000000001,74.0
94,606.8568,77.995
95,607.0092,83.688
96,607.1616000000001,88.391
97,607.3140000000001,91.609
98,607.4664,93.589
99,607.6188,95.074
100,607.7712000000001,93.342
101,607.9236000000001,88.886
102,608.076,84.555
103,608.2284,84.678
104,608.3808000000001,86.658
105,608.5332000000001,88.515
106,608.6856,86.163
107,608.838,86.163
108,608.9904000000001,88.762
109,609.1428000000001,90.743
110,609.2952,87.03
111,609.4476,87.896
112,609.6000000000001,88.144
113,609.7524000000001,91.98
114,609.9048,97.178
115,610.0572,97.797
116,610.2096000000001,99.406
117,610.3620000000001,96.931
118,610.5144,92.847
119,610.6668,89.629
120,610.8192000000001,91.485
121,610.9716000000001,93.96
122,611.124,88.515
123,611.2764,84.183
124,611.4288000000001,86.04
125,611.5812000000001,85.173
126,611.7336,83.317
127,611.886,83.069
128,612.0384000000001,82.946
129,612.1908000000001,86.906
130,612.3432,91.733
131,612.4956,94.951
132,612.6480000000001,97.797
133,612.8004000000001,97.55
134,612.9528,97.178
135,613.1052,94.827
136,613.2576000000001,91.733
137,613.4100000000001,90.371
138,613.5624,88.267
139,613.7148,86.163
140,613.8672000000001,86.287
141,614.0196000000001,83.441
142,614.172,82.946
143,614.3244,84.555
144,614.4768000000001,85.545
145,614.6292000000001,85.421
146,614.7816,82.203
147,614.934,82.822
148,615.0864000000001,84.307
149,615.2388000000001,81.832
150,615.3912,79.604
151,615.5436,82.574
152,615.6960000000001,84.802
153,615.8484000000001,84.183
154,616.0008,82.698
155,616.1532,82.327
156,616.3056000000001,80.47
157,616.4580000000001,80.594
158,616.6104,81.337
159,616.7628,81.955
160,616.9152000000001,79.48
161,617.0676000000001,82.451
162,617.22,84.059
163,617.3724,84.431
164,617.5248000000001,86.04
165,617.6772000000001,86.535
166,617.8296,87.277
167,617.982,91.98
168,618.1344000000001,98.663
169,618.2868000000001,98.168
170,618.4392,98.787
171,618.5916,93.342
172,618.7440000000001,89.257
173,618.8964000000001,89.629
174,619.0488,92.599
175,619.2012,93.342
176,619.3536000000001,92.599
177,619.5060000000001,95.693
178,619.6584,98.663
179,619.8108,100.644
180,619.9632000000001,104.233
181,620.1156000000001,108.441
182,620.268,110.792
183,620.4204,109.678
184,620.5728000000001,106.213
185,620.7252000000001,103.614
186,620.8776,98.663
187,621.03,95.198
188,621.1824000000001,95.569
189,621.3348000000001,95.693
190,621.4872,90.619
191,621.6396,85.173
192,621.7920000000001,83.688
193,621.9444000000001,86.658
194,622.0968,92.228
195,622.2492,98.292
196,622.4016000000001,94.951
197,622.5540000000001,90.0
198,622.7064,88.515
199,622.8588,85.297
200,623.0112000000001,86.411
201,623.1636000000001,86.535
202,623.316,88.391
203,623.4684,90.124
204,623.6208000000001,92.352
205,623.7732000000001,94.579
206,623.9256,93.589
207,624.078,86.658
208,624.2304000000001,79.356
209,624.3828000000001,80.594
210,624.5352,86.04
211,624.6876,91.485
212,624.8400000000001,96.931
213,624.9924000000001,97.178
214,625.1448,90.619
215,625.2972,81.089
216,625.4496000000001,75.263
217,625.6020000000001,71.413
218,625.7544,76.383
219,625.9068,80.223
220,626.0592000000001,79.728
221,626.2116000000001,79.233
222,626.364,90.124
223,626.5164,100.272
224,626.6688000000001,100.025
225,626.8212000000001,94.332
226,626.9736,87.154
227,627.126,80.965
228,627.2784000000001,77.995
229,627.4308000000001,86.163
230,627.5832,87.896
231,627.7356,85.173
232,627.8880000000001,87.03
233,628.0404000000001,88.391
234,628.1928,88.391
235,628.3452,86.782
236,628.4976000000001,82.327
237,628.6500000000001,78.49
238,628.8024,79.852
239,628.9548,80.099
240,629.1072000000001,80.223
241,629.2596000000001,82.079
242,629.412,86.411
243,629.5644,90.0
244,629.7168000000001,90.495
245,629.8692000000001,89.257
246,630.0216,88.886
247,630.174,87.154
248,630.3264000000001,87.03
249,630.4788000000001,83.564
250,630.6312,79.233
251,630.7836,79.728
252,630.9360000000001,86.163
253,631.0884000000001,90.866
254,631.2408,94.455
255,631.3932,97.673
256,631.5456000000001,94.208
257,631.6980000000001,88.267
258,631.8504,90.371
259,632.0028,93.589
260,632.1552000000001,89.381
261,632.3076000000001,82.698
262,632.46,81.46
263,632.6124,83.688
264,632.7648000000002,86.782
265,632.9172000000001,89.505
266,633.0696,92.723
267,633.222,97.055
268,633.3744000000002,96.683
269,633.5268000000001,91.485
270,633.6792,85.916
271,633.8316,79.48
272,633.9840000000002,78.119
273,634.1364000000001,77.253
274,634.2888,78.49
275,634.4412,80.099
276,634.5936000000002,78.119
277,634.7460000000001,77.005
278,634.8984,75.52
279,635.0508,72.673
280,635.2032000000002,74.654
281,635.3556000000001,80.099
282,635.508,87.277
283,635.6604,92.104
284,635.8128000000002,93.713
285,635.9652000000001,83.692
286,636.1176,76.519
287,636.27,79.249
288,636.4224000000002,84.082
289,636.5748000000001,88.914
290,636.7272,89.416
291,636.8796,80.387
292,637.0320000000002,72.578
293,637.1844000000001,72.706
294,637.3368,74.451
295,637.4892,76.819
296,637.6416000000002,80.542
297,637.7940000000001,82.776
298,637.9464,79.688
299,638.0988,84.026
300,638.2512000000002,83.166
301,638.4036000000001,81.81
302,638.556,82.683
303,638.7084,81.204
304,638.8608000000002,78.735
305,639.0132000000001,75.125
306,639.1656,75.375
307,639.318,76.75
308,639.4704000000002,78.738
309,639.6228000000001,83.069
310,639.7752,85.668
311,639.9276,82.946
312,640.0800000000002,82.203
313,640.2324000000001,91.609
314,640.3848,96.312
315,640.5372,93.465
316,640.6896000000002,90.248
317,640.8420000000001,86.782
318,640.9944,84.431
319,641.1468,85.916
320,641.2992000000002,82.451
321,641.4516000000001,75.375
322,641.604,70.375
323,641.7564,71.875
324,641.9088000000002,79.109
325,642.0612000000001,81.708
326,642.2136,85.297
327,642.366,93.713
328,642.5184000000002,98.168
329,642.6708000000001,91.856
330,642.8232,87.896
331,642.9756,87.277
332,643.1280000000002,89.381
333,643.2804000000001,86.906
334,643.4328,84.307
335,643.5852,85.668
336,643.7376000000002,85.668
337,643.8900000000001,80.965
338,644.0424,80.965
339,644.1948,88.02
340,644.3472000000002,93.465
341,644.4996000000001,94.703
342,644.652,90.99
343,644.8044,90.0
344,644.9568000000002,91.238
345,645.1092000000001,91.98
346,645.2616,96.559
347,645.414,99.406
348,645.5664000000002,98.045
349,645.7188000000001,95.941
350,645.8712,94.579
351,646.0236,87.649
352,646.1760000000002,77.624
353,646.3284000000001,73.5
354,646.4808,77.5
355,646.6332,84.307
356,646.7856000000002,88.762
357,646.9380000000001,90.866
358,647.0904,93.465
359,647.2428,98.416
360,647.3952000000002,101.262
361,647.5476000000001,101.51
362,647.7,99.035
363,647.8524,96.312
364,648.0048000000002,99.654
365,648.1572000000001,102.748
366,648.3096,100.272
367,648.462,97.797
368,648.6144000000002,99.406
369,648.7668000000001,102.253
370,648.9192,102.995
371,649.0716,103.738
372,649.2240000000002,108.564
373,649.3764000000001,109.431
374,649.5288,102.129
375,649.6812,89.876
376,649.8336000000002,77.748
377,649.9860000000001,70.375
378,650.1384,70.375
379,650.2908,72.25
380,650.4432000000002,73.75
381,650.5956000000001,75.0
382,650.748,79.604
383,650.9004,84.802
384,651.0528000000002,84.555
385,651.2052000000001,79.233
386,651.3576,74.5
387,651.51,73.25
388,651.6624000000002,72.75
389,651.8148000000001,69.625
390,651.9672,65.75
391,652.1196,60.5
392,652.2720000000002,57.625
393,652.4244000000001,60.875
394,652.5768,65.125
395,652.7292,61.5
396,652.8816000000002,55.0
397,653.0340000000001,50.917
398,653.1864,54.5
399,653.3388,62.5
400,653.4912000000002,64.25
401,653.6436000000001,68.875
402,653.796,75.625
403,653.9484,82.574
404,654.1008000000002,83.441
405,654.2532000000001,88.886
406,654.4056,94.579
407,654.558,95.446
408,654.7104000000002,90.371
409,654.8628000000001,85.05
410,655.0152,82.698
411,655.1676,83.936
412,655.3200000000002,85.421
413,655.4724000000001,81.213
414,655.6248,76.5
415,655.7772,74.375
416,655.9296000000002,72.125
417,656.0820000000001,70.375
418,656.2344,74.5
419,656.3868,75.5
420,656.5392000000002,69.375
421,656.6916000000001,68.25
422,656.844,78.119
423,656.9964,91.238
424,657.1488000000002,103.49
425,657.3012000000001,105.965
426,657.4536,101.015
427,657.606,93.837
428,657.7584000000002,88.391
429,657.9108000000001,96.188
430,658.0632,101.015
431,658.2156,97.426
432,658.3680000000002,82.079
433,658.5204000000001,63.5
434,658.6728,45.218
435,658.8252,51.651
436,658.9776000000002,64.0
437,659.1300000000001,78.366
438,659.2824,82.822
439,659.4348,82.822
440,659.5872000000002,85.668
441,659.7396000000001,90.248
442,659.892,93.96
443,660.0444,96.436
444,660.1968000000002,97.426
445,660.3492000000001,93.589
446,660.5016,83.317
447,660.654,77.125
448,660.8064000000002,77.871
449,660.9588000000001,80.47
450,661.1112,83.936
451,661.2636,84.555
452,661.4160000000002,80.718
453,661.5684000000001,76.375
454,661.7208,73.5
455,661.8732,76.625
456,662.0256000000002,83.564
457,662.1780000000001,91.114
458,662.3304,93.589
459,662.4828,95.693
460,662.6352000000002,102.253
461,662.7876000000001,109.678
462,662.94,112.772
463,663.0924,103.738
464,663.2448000000002,93.342
465,663.3972000000001,88.144
466,663.5496,91.361
467,663.702,89.753
468,663.8544000000002,81.584
469,664.0068000000001,76.5
470,664.1592,79.356
471,664.3116,83.812
472,664.4640000000002,87.649
473,664.6164000000001,85.05
474,664.7688,81.089
475,664.9212,82.451
476,665.0736000000002,86.906
477,665.2260000000001,91.361
478,665.3784,93.094
479,665.5308,88.515
480,665.6832000000002,82.203
481,665.8356000000001,76.25
482,665.988,79.975
483,666.1404,81.832
484,666.2928000000002,78.861
485,666.4452000000001,76.5
486,666.5976,76.0
487,666.75,74.875
488,666.9024000000002,69.25
489,667.0548000000001,66.875
490,667.2072000000001,68.25
491,667.3596,69.875
492,667.5120000000002,72.375
493,667.6644000000001,77.748
494,667.8168000000001,85.668
495,667.9692,91.98
496,668.1216000000002,99.035
497,668.2740000000001,104.852
498,668.4264000000001,108.564
499,668.5788,110.05
500,668.7312000000002,107.822
501,668.8836000000001,105.965
502,669.0360000000001,104.356
503,669.1884,102.871
504,669.3408000000002,101.51
505,669.4932000000001,99.53
506,669.6456000000001,95.569
507,669.798,89.381
508,669.9504000000002,84.059
509,670.1028000000001,84.678
510,670.2552000000001,85.916
511,670.4076,85.421
512,670.5600000000002,85.545
513,670.7124000000001,85.545
514,670.8648000000001,87.401
515,671.0172,88.886
516,671.1696000000002,81.955
517,671.3220000000001,81.955
518,671.4744000000001,86.411
519,671.6268,93.713
520,671.7792000000002,99.53
521,671.9316000000001,103.614
522,672.0840000000001,98.787
523,672.2364,92.847
524,672.3888000000002,92.352
525,672.5412000000001,89.257
526,672.6936000000001,85.668
527,672.846,83.193
528,672.9984000000002,81.337
529,673.1508000000001,81.089
530,673.3032000000001,82.698
531,673.4556,87.03
532,673.6080000000002,91.733
533,673.7604000000001,97.302
534,673.9128000000001,101.881
535,674.0652,105.965
536,674.2176000000002,98.045
537,674.3700000000001,85.421
538,674.5224000000001,82.822
539,674.6748,86.782
540,674.8272000000002,93.589
541,674.9796000000001,96.807
542,675.1320000000001,97.921
543,675.2844,96.807
544,675.4368000000002,95.446
545,675.5892000000001,94.332
546,675.7416000000001,95.074
547,675.894,102.624
548,676.0464000000002,106.708
549,676.1988000000001,110.668
550,676.3512000000001,111.04
551,676.5036,106.584
552,676.6560000000002,98.787
553,676.8084000000001,98.168
554,676.9608000000001,101.881
555,677.1132,102.624
556,677.2656000000002,100.644
557,677.4180000000001,92.352
558,677.5704000000001,87.154
559,677.7228,88.144
560,677.8752000000002,88.391
561,678.0276000000001,88.02
562,678.1800000000001,87.401
563,678.3324,83.564
564,678.4848,78.119
565,678.6372000000001,76.25
566,678.7896000000001,77.871
567,678.942,81.213
568,679.0944,79.852
569,679.2468000000001,76.5
570,679.3992000000001,78.49
571,679.5516,81.832
572,679.704,83.317
573,679.8564000000001,83.812
574,680.0088000000001,86.782
575,680.1612,91.485
576,680.3136,94.455
577,680.4660000000001,90.0
578,680.6184000000001,81.832
579,680.7708,72.75
580,680.9232,74.5
581,681.0756000000001,73.875
582,681.2280000000001,70.625
583,681.3804,67.75
584,681.5328,68.0
585,681.6852000000001,70.5
586,681.8376000000001,72.875
587,681.99,73.0
588,682.1424,69.625
589,682.2948000000001,68.875
590,682.4472000000001,72.25
591,682.5996,76.75
592,682.752,81.46
593,682.9044000000001,89.505
594,683.0568000000001,93.589
595,683.2092,95.817
596,683.3616,97.178
597,683.5140000000001,93.218
598,683.6664000000001,88.886
599,683.8188,85.421
600,683.9712,82.822
601,684.1236000000001,78.119
602,684.2760000000001,73.25
603,684.4284,71.125
604,684.5808,73.875
605,684.7332000000001,79.233
606,684.8856000000001,81.832
607,685.038,82.822
608,685.1904,83.688
609,685.3428000000001,85.297
610,685.4952000000001,84.555
611,685.6476,85.173
612,685.8,86.906
613,685.9524000000001,80.842
614,686.1048000000001,75.125
615,686.2572,75.0
616,686.4096,73.625
617,686.5620000000001,74.625
618,686.7144000000001,78.985
619,686.8668,80.965
620,687.0192,78.49
621,687.1716000000001,78.738
622,687.3240000000001,84.059
623,687.4764,89.629
624,687.6288,91.733
625,687.7812000000001,97.178
626,687.9336000000001,102.5
627,688.086,108.375
628,688.2384,108.875
629,688.3908000000001,103.5
630,688.5432000000001,95.941
631,688.6956,90.866
632,688.848,88.515
633,689.0004000000001,85.668
634,689.1528000000001,86.287
635,689.3052,91.98
636,689.4576,98.54
637,689.6100000000001,98.045
638,689.7624000000001,93.342
639,689.9148,94.332
640,690.0672,93.218
641,690.2196000000001,89.381
642,690.3720000000001,87.649
643,690.5244,90.124
644,690.6768,90.248
645,690.8292000000001,88.886
646,690.9816000000001,91.733
647,691.134,90.495
648,691.2864,82.574
649,691.4388000000001,77.624
650,691.5912000000001,78.614
651,691.7436,84.926
652,691.896,90.495
653,692.0484000000001,86.782
654,692.2008000000001,84.431
655,692.3532,87.154
656,692.5056,89.257
657,692.6580000000001,87.277
658,692.8104000000001,83.441
659,692.9628,80.223
660,693.1152,81.832
661,693.2676000000001,85.05
662,693.4200000000001,83.564
663,693.5724,82.327
664,693.7248,82.822
665,693.8772000000001,84.555
666,694.0296000000001,85.297
667,694.182,82.574
668,694.3344,78.243
669,694.4868000000001,81.708
670,694.6392000000001,84.307
671,694.7916,82.822
672,694.944,81.337
673,695.0964000000001,78.614
674,695.2488000000001,76.375
675,695.4012,76.25
676,695.5536,79.109
677,695.7060000000001,83.936
678,695.8584000000001,90.0
679,696.0108,94.951
680,696.1632,92.352
681,696.3156000000001,86.04
682,696.4680000000001,79.728
683,696.6204,74.125
684,696.7728,72.25
685,696.9252000000001,81.955
686,697.0776000000001,92.97
687,697.23,92.847
688,697.3824,83.069
689,697.5348000000001,74.125
690,697.6872000000001,70.125
691,697.8396,73.0
692,697.992,77.624
693,698.1444000000001,85.916
694,698.2968000000001,91.238
695,698.4492,84.183
696,698.6016,77.125
697,698.7540000000001,76.75
698,698.9064000000001,80.099
699,699.0588,78.243
700,699.2112,79.356
701,699.3636000000001,80.47
702,699.5160000000001,80.099
703,699.6684,81.46
704,699.8208,78.985
705,699.9732000000001,78.861
706,700.1256000000001,80.594
707,700.278,82.822
708,700.4304,84.802
709,700.5828000000001,87.154
710,700.7352000000001,90.495
711,700.8876,87.896
712,701.04,88.267
713,701.1924000000001,92.228
714,701.3448000000001,100.644
715,701.4972,107.625
716,701.6496,107.5
717,701.8020000000001,103.125
718,701.9544000000001,93.589
719,702.1068,84.555
720,702.2592,86.535
721,702.4116000000001,94.332
722,702.5640000000001,99.53
723,702.7164,97.55
724,702.8688,95.074
725,703.0212000000001,93.837
726,703.1736000000001,94.332
727,703.326,95.446
728,703.4784,99.53
729,703.6308000000001,102.5
730,703.7832000000001,103.5
731,703.9356,100.396
732,704.088,98.292
733,704.2404000000001,98.416
734,704.3928000000001,92.847
735,704.5452,87.401
736,704.6976,86.163
737,704.8500000000001,89.505
738,705.0024000000001,89.753
739,705.1548,89.257
740,705.3072,93.589
741,705.4596000000001,99.901
742,705.6120000000001,102.75
743,705.7644,100.025
744,705.9168,98.292
745,706.0692000000001,99.53
746,706.2216000000001,98.292
747,706.374,95.693
748,706.5264,96.312
749,706.6788000000001,95.817
750,706.8312000000001,93.342
751,706.9836,90.866
752,707.136,94.332
753,707.2884000000001,96.312
754,707.4408000000001,101.881
755,707.5932,105.125
756,707.7456,102.75
757,707.8980000000001,94.703
758,708.0504000000001,88.639
759,708.2028,84.183
760,708.3552,88.762
761,708.5076000000001,90.619
762,708.6600000000001,98.911
763,708.8124,102.376
764,708.9648,103.875
765,709.1172000000001,99.777
766,709.2696000000001,96.559
767,709.422,95.322
768,709.5744,97.055
769,709.7268000000001,100.025
770,709.8792000000001,102.005
771,710.0316,96.807
772,710.184,90.495
773,710.3364000000001,97.055
774,710.4888000000001,101.386
775,710.6412,102.625
776,710.7936,103.5
777,710.9460000000001,101.386
778,711.0984000000001,97.921
779,711.2508,94.455
780,711.4032,96.312
781,711.5556000000001,93.837
782,711.7080000000001,88.267
783,711.8604,81.832
784,712.0128,77.5
785,712.1652000000001,75.625
786,712.3176000000001,80.099
787,712.47,79.109
788,712.6224,79.852
789,712.7748000000001,79.852
790,712.9272000000001,77.5
791,713.0796,75.125
792,713.232,77.995
793,713.3844000000001,83.812
794,713.5368000000001,89.629
795,713.6892,95.817
796,713.8416,99.158
797,713.9940000000001,94.084
798,714.1464000000001,83.441
799,714.2988,69.375
800,714.4512,57.392
801,714.6036000000001,57.638
802,714.7560000000001,68.375
803,714.9084,82.451
804,715.0608,92.352
805,715.2132000000001,99.53
806,715.3656000000001,95.941
807,715.518,89.257
808,715.6704,82.574
809,715.8228000000001,81.955
810,715.9752000000001,86.287
811,716.1276,91.98
812,716.28,96.312
813,716.4324000000001,99.282
814,716.5848000000001,100.52
815,716.7372,101.015
816,716.8896,101.015
817,717.0420000000001,100.272
818,717.1944000000001,99.777
819,717.3468,95.569
820,717.4992,86.163
821,717.6516000000001,75.25
822,717.8040000000001,68.875
823,717.9564,65.375
824,718.1088,63.125
825,718.2612000000001,65.125
826,718.4136000000001,75.875
827,718.566,87.03
828,718.7184,92.228
829,718.8708000000001,88.02
830,719.0232000000001,84.555
831,719.1756,82.574
832,719.328,80.965
833,719.4804000000001,78.49
834,719.6328000000001,75.375
835,719.7852,70.875
836,719.9376,69.125
837,720.0900000000001,75.75
838,720.2424000000001,89.876
839,720.3948,99.901
840,720.5472,97.55
841,720.6996000000001,92.352
842,720.8520000000001,88.267
843,721.0044,84.555
844,721.1568,80.965
845,721.3092000000001,79.356
846,721.4616000000001,82.327
847,721.614,84.059
848,721.7664,84.926
849,721.9188000000001,86.535
850,722.0712000000001,87.772
851,722.2236,87.649
852,722.376,87.154
853,722.5284000000001,88.639
854,722.6808000000001,86.658
855,722.8332,87.772
856,722.9856,89.876
857,723.1380000000001,89.134
858,723.2904000000001,88.639
859,723.4428,84.059
860,723.5952,80.47
861,723.7476000000001,79.356
862,723.9000000000001,79.233
863,724.0524,80.223
864,724.2048,83.317
865,724.3572000000001,88.267
866,724.5096000000001,92.599
867,724.662,91.361
868,724.8144,86.163
869,724.9668000000001,83.936
870,725.1192000000001,86.287
871,725.2716,85.668
872,725.424,84.678
873,725.5764000000001,82.203
874,725.7288000000001,83.564
875,725.8812,85.297
876,726.0336,84.926
877,726.1860000000001,85.668
878,726.3384000000001,87.03
879,726.4908,84.059
880,726.6432,82.574
881,726.7956000000001,81.708
882,726.9480000000001,82.698
883,727.1004,81.337
884,727.2528,81.46
885,727.4052000000001,82.327
886,727.5576000000001,82.451
887,727.71,81.46
888,727.8624,83.812
889,728.0148000000002,88.391
890,728.1672000000001,91.114
891,728.3196,88.515
892,728.472,87.649
893,728.6244000000002,86.906
894,728.7768000000001,83.812
895,728.9292,82.451
896,729.0816,86.535
897,729.2340000000002,93.465
898,729.3864000000001,89.134
899,729.5388,84.678
900,729.6912,85.297
901,729.8436000000002,83.812
902,729.9960000000001,84.678
903,730.1484,84.059
904,730.3008,82.574
905,730.4532000000002,81.213
906,730.6056000000001,85.05
907,730.758,85.545
908,730.9104,87.154
909,731.0628000000002,93.342
910,731.2152000000001,94.455
911,731.3676,93.96
912,731.52,92.352
913,731.6724000000002,90.371
914,731.8248000000001,89.876
915,731.9772,90.0
916,732.1296,87.772
917,732.2820000000002,82.822
918,732.4344000000001,76.755
919,732.5868,71.792
920,732.7392,79.975
921,732.8916000000002,86.163
922,733.0440000000001,89.381
923,733.1964,87.154
924,733.3488,81.708
925,733.5012000000002,76.262
926,733.6536000000001,76.139
927,733.806,77.253
928,733.9584,77.624
929,734.1108000000002,79.109
930,734.2632000000001,80.47
931,734.4156,85.792
932,734.568,89.381
933,734.7204000000002,85.421
934,734.8728000000001,81.955
935,735.0252,83.193
936,735.1776,83.441
937,735.3300000000002,81.46
938,735.4824000000001,78.119
939,735.6348,73.54
940,735.7872,77.5
941,735.9396000000002,85.297
942,736.0920000000001,83.564
943,736.2444,84.802
944,736.3968,84.059
945,736.5492000000002,86.287
946,736.7016000000001,88.639
947,736.854,89.753
948,737.0064,91.609
949,737.1588000000002,91.114
950,737.3112000000001,89.876
951,737.4636,87.772
952,737.616,81.46
953,737.7684000000002,76.51
954,737.9208000000001,73.663
955,738.0732,72.797
956,738.2256,75.891
957,738.3780000000002,81.46
958,738.5304000000001,88.02
959,738.6828,83.564
960,738.8352,73.416
961,738.9876000000002,65.495
962,739.1400000000001,68.837
963,739.2924,74.901
964,739.4448,77.5
965,739.5972000000002,77.624
966,739.7496000000001,77.005
967,739.902,77.005
968,740.0544,80.718
969,740.2068000000002,88.02
970,740.3592000000001,92.97
971,740.5116,88.515
972,740.664,83.564
973,740.8164000000002,83.936
974,740.9688000000001,87.896
975,741.1212,89.134
976,741.2736,83.936
977,741.4260000000002,81.708
978,741.5784000000001,83.812
979,741.7308,87.772
980,741.8832,92.104
981,742.0356000000002,94.455
982,742.1880000000001,93.342
983,742.3404,91.485
984,742.4928,90.371
985,742.6452000000002,87.033
986,742.7976000000001,85.43
987,742.95,82.466
988,743.1024,77.893
989,743.2548000000002,75.916
990,743.4072000000001,77.162
991,743.5596,77.54
992,743.712,74.193
993,743.8644000000002,73.328
994,744.0168000000001,77.682
995,744.1692,83.753
996,744.3216,83.388
997,744.4740000000002,78.939
998,744.6264000000001,80.306
999,744.7788,84.273
1000,744.9312,88.363
1001,745.0836000000002,90.597
1002,745.2360000000001,94.564
1003,745.3884,97.54
1004,745.5408,93.339
1005,745.6932000000002,85.05
1006,745.8456000000001,77.995
1007,745.998,72.5
1008,746.1504,69.625
1009,746.3028000000002,71.5
1010,746.4552000000001,77.995
1011,746.6076,87.401
1012,746.76,86.287
1013,746.9124000000002,85.297
1014,747.0648000000001,88.267
1015,747.2172,90.99
1016,747.3696,89.134
1017,747.5220000000002,80.718
1018,747.6744000000001,75.5
1019,747.8268,78.243
1020,747.9792,83.441
1021,748.1316000000002,88.639
1022,748.2840000000001,86.411
1023,748.4364,77.871
1024,748.5888,67.5
1025,748.7412000000002,64.125
1026,748.8936000000001,66.625
1027,749.046,72.25
1028,749.1984,74.75
1029,749.3508000000002,76.375
1030,749.5032000000001,79.48
1031,749.6556,80.718
1032,749.808,77.0
1033,749.9604000000002,70.875
1034,750.1128000000001,67.625
1035,750.2652,63.625
1036,750.4176,60.625
1037,750.5700000000002,63.75
1038,750.7224000000001,64.75
1039,750.8748,63.625
1040,751.0272,69.5
1041,751.1796000000002,74.375
1042,751.3320000000001,77.995
1043,751.4844,83.317
1044,751.6368,88.886
1045,751.7892000000002,93.589
1046,751.9416000000001,98.168
1047,752.094,102.376
1048,752.2464,102.376
1049,752.3988000000002,101.262
1050,752.5512000000001,97.055
1051,752.7036,92.475
1052,752.856,90.371
1053,753.0084000000002,82.698
1054,753.1608000000001,66.375
1055,753.3132,53.375
1056,753.4656,48.946
1057,753.6180000000002,48.456
1058,753.7704000000001,50.662
1059,753.9228,51.887
1060,754.0752,52.255
1061,754.2276000000002,56.375
1062,754.3800000000001,72.625
1063,754.5324,84.059
1064,754.6848,83.193
1065,754.8372000000002,73.5
1066,754.9896000000001,67.5
1067,755.142,68.125
1068,755.2944,73.375
1069,755.4468000000002,79.604
1070,755.5992000000001,84.431
1071,755.7516,86.411
1072,755.904,84.926
1073,756.0564000000002,81.089
1074,756.2088000000001,79.728
1075,756.3612,77.748
1076,756.5136,76.125
1077,756.6660000000002,75.75
1078,756.8184000000001,75.375
1079,756.9708,78.614
1080,757.1232,84.678
1081,757.2756000000002,85.421
1082,757.4280000000001,78.49
1083,757.5804,70.75
1084,757.7328,76.0
1085,757.8852000000002,80.965
1086,758.0376000000001,82.079
1087,758.19,77.748
1088,758.3424,70.125
1089,758.4948000000002,59.75
1090,758.6472000000001,58.0
1091,758.7996,65.75
1092,758.952,79.728
1093,759.1044000000002,90.371
1094,759.2568000000001,90.619
1095,759.4092,82.698
1096,759.5616,80.099
1097,759.7140000000002,77.995
1098,759.8664000000001,75.5
1099,760.0188,76.625
1100,760.1712,72.375
1101,760.3236000000002,67.25
1102,760.4760000000001,71.0
1103,760.6284,74.375
1104,760.7808,77.0
1105,760.9332000000002,78.49
1106,761.0856000000001,75.127
1107,761.238,72.382
1108,761.3904,73.757
1109,761.5428000000002,69.768
1110,761.6952000000001,65.284
1111,761.8476,66.411
1112,762.0,67.787
1113,762.1524000000002,73.393
1114,762.3048000000001,79.728
1115,762.4572000000001,86.287
1116,762.6096,87.772
1117,762.7620000000002,85.792
1118,762.9144000000001,83.193
1119,763.0668000000001,79.233
1120,763.2192,78.119
1121,763.3716000000002,80.47
1122,763.5240000000001,83.193
1123,763.6764000000001,83.812
1124,763.8288,73.415
1125,763.9812000000002,61.875
1126,764.1336000000001,48.949
1127,764.2860000000001,40.016
1128,764.4384,45.405
1129,764.5908000000002,58.875
1130,764.7432000000001,76.634
1131,764.8956000000001,86.068
1132,765.048,82.718
1133,765.2004000000002,79.986
1134,765.3528000000001,83.842
1135,765.5052000000001,85.711
1136,765.6576,80.487
1137,765.8100000000002,77.253
1138,765.9624000000001,74.158
1139,766.1148000000001,67.97
1140,766.2672,61.125
1141,766.4196000000002,52.378
1142,766.5720000000001,41.686
1143,766.7244000000001,32.616
1144,766.8768,29.497
1145,767.0292000000002,41.093
1146,767.1816000000001,54.884
1147,767.3340000000001,65.635
1148,767.4864,65.27
1149,767.6388000000002,55.404
1150,767.7912000000001,51.074
1151,767.9436000000001,62.541
1152,768.096,76.433
1153,768.2484000000002,83.303
1154,768.4008000000001,80.184
1155,768.5532000000001,83.316
1156,768.7056,86.697
1157,768.8580000000002,90.325
1158,769.0104000000001,93.302
1159,769.1628000000001,89.591
1160,769.3152,81.972
1161,769.4676000000002,78.728
1162,769.6200000000001,80.36
1163,769.7724000000001,82.241
1164,769.9248,78.997
1165,770.0772000000002,68.713
1166,770.2296000000001,55.875
1167,770.3820000000001,36.516
1168,770.5344,23.951
1169,770.6868000000002,22.172
1170,770.8392000000001,28.284
1171,770.9916000000001,39.916
1172,771.144,45.54
1173,771.2964000000002,52.875
1174,771.4488000000001,51.89
1175,771.6012000000001,52.5
1176,771.7536,58.625
1177,771.9060000000002,63.25
1178,772.0584000000001,60.875
1179,772.2108000000001,52.75
1180,772.3632,37.472
1181,772.5156000000002,29.228
1182,772.6680000000001,36.735
1183,772.8204000000001,45.578
1184,772.9728,53.75
1185,773.1252000000002,56.877
1186,773.2776000000001,57.131
1187,773.4300000000001,62.628
1188,773.5824,72.067
1189,773.7348000000002,81.403
1190,773.8872000000001,87.159
1191,774.0396000000001,86.541
1192,774.192,80.922
1193,774.3444000000002,73.576
1194,774.4968000000001,68.233
1195,774.6492000000001,68.235
1196,774.8016,67.614
1197,774.9540000000002,65.249
1198,775.1064000000001,63.014
1199,775.2588000000001,62.146
1200,775.4112,60.535
1201,775.5636000000002,57.066
1202,775.7160000000001,52.362
1203,775.8684000000001,45.388
1204,776.0208,48.821
1205,776.1732000000002,65.0
1206,776.3256000000001,79.75
1207,776.4780000000001,92.875
1208,776.6304,86.25
1209,776.7828000000002,80.0
1210,776.9352000000001,73.375
1211,777.0876000000001,66.375
1212,777.24,61.782
1213,777.3924000000002,59.926
1214,777.5448000000001,57.203
1215,777.6972000000001,53.366
1216,777.8496,50.294
1217,778.0020000000002,55.223
1218,778.1544000000001,61.906
1219,778.3068000000001,66.625
1220,778.4592,70.25
1221,778.6116000000002,76.375
1222,778.7640000000001,82.375
1223,778.9164000000001,82.5
1224,779.0688,80.5
1225,779.2212000000002,74.5
1226,779.3736000000001,69.5
1227,779.5260000000001,65.75
1228,779.6784,63.391
1229,779.8308000000002,64.505
1230,779.9832000000001,66.5
1231,780.1356000000001,69.25
1232,780.288,72.125
1233,780.4404000000002,73.125
1234,780.5928000000001,72.25
1235,780.7452000000001,72.375
1236,780.8976,74.125
1237,781.0500000000002,76.25
1238,781.2024000000001,80.875
1239,781.3548000000001,86.5
1240,781.5072,90.0
1241,781.6596000000002,93.75
1242,781.8120000000001,94.0
1243,781.9644000000001,83.5
1244,782.1168,76.5
1245,782.2692,60.545
1246,782.4216000000001,45.147
1247,782.5740000000001,47.966
1248,782.7264,59.431
1249,782.8788,72.375
1250,783.0312000000001,77.125
1251,783.1836000000001,79.875
1252,783.336,73.375
1253,783.4884,65.0
1254,783.6408000000001,63.391
1255,783.7932000000001,65.25
1256,783.9456,63.391
1257,784.098,57.946
1258,784.2504000000001,50.539
1259,784.4028000000001,51.52
1260,784.5552,59.307
1261,784.7076,68.0
1262,784.8600000000001,69.25
1263,785.0124000000001,69.25
1264,785.1648,68.75
1265,785.3172,61.287
1266,785.4696000000001,52.871
1267,785.6220000000001,46.863
1268,785.7744,50.662
1269,785.9268,60.545
1270,786.0792000000001,66.625
1271,786.2316000000001,63.886
1272,786.384,57.574
1273,786.5364,44.044
1274,786.6888000000001,38.267
1275,786.8412000000001,38.267
1276,786.9936,47.353
1277,787.146,63.639
1278,787.2984000000001,69.875
1279,787.4508000000001,72.375
1280,787.6032,70.75
1281,787.7556,68.0
1282,787.9080000000001,69.25
1283,788.0604000000001,63.515
1284,788.2128,60.173
1285,788.3652,59.678
1286,788.5176000000001,63.02
1287,788.6700000000001,65.75
1288,788.8224,65.875
1289,788.9748,67.0
1290,789.1272000000001,69.25
1291,789.2796000000001,66.75
1292,789.432,59.307
1293,789.5844,50.417
1294,789.7368000000001,51.642
1295,789.8892000000001,54.975
1296,790.0416,62.896
1297,790.194,72.0
1298,790.3464000000001,76.25
1299,790.4988000000001,65.375
1300,790.6512,54.233
1301,790.8036,39.629
1302,790.9560000000001,28.119
1303,791.1084000000001,30.099
1304,791.2608,37.649
1305,791.4132,47.109
1306,791.5656000000001,56.34
1307,791.7180000000001,61.546
1308,791.8704,63.534
1309,792.0228,64.656
1310,792.1752000000001,67.154
1311,792.3276000000001,63.799
1312,792.48,60.948
1313,792.6324,62.94
1314,792.7848000000001,67.05
1315,792.9372000000001,69.418
1316,793.0896,69.297
1317,793.242,67.935
1318,793.3944000000001,65.332
1319,793.5468000000001,62.722
1320,793.6992,65.096
1321,793.8516,66.962
1322,794.0040000000001,67.835
1323,794.1564000000001,68.83
1324,794.3088,67.102
1325,794.4612,60.5
1326,794.6136000000001,50.922
1327,794.7660000000001,42.427
1328,794.9184,44.854
1329,795.0708,44.976
1330,795.2232000000001,37.25
1331,795.3756000000001,34.0
1332,795.528,45.947
1333,795.6804,60.0
1334,795.8328000000001,65.743
1335,795.9852000000001,60.25
1336,796.1376,63.75
1337,796.29,70.198
1338,796.4424000000001,75.149
1339,796.5948000000001,72.921
1340,796.7472,66.733
1341,796.8996,55.875
1342,797.0520000000001,37.625
1343,797.2044000000001,23.291
1344,797.3568,21.888
1345,797.5092,33.375
1346,797.6616000000001,48.38
1347,797.8140000000001,66.996
1348,797.9664,81.647
1349,798.1188,89.404
1350,798.2712000000001,85.91
1351,798.4236000000001,76.674
1352,798.576,62.797
1353,798.7284,56.429
1354,798.8808000000001,63.435
1355,799.0332000000001,72.986
1356,799.1856,83.822
1357,799.338,86.328
1358,799.4904000000001,79.71
1359,799.6428000000001,68.06
1360,799.7952,50.761
1361,799.9476,39.875
1362,800.1000000000001,33.625
1363,800.2524000000001,37.375
1364,800.4048,46.371
1365,800.5572,56.5
1366,800.7096000000001,66.485
1367,800.8620000000001,72.426
1368,801.0144,69.455
1369,801.1668,67.97
1370,801.3192000000001,69.827
1371,801.4716000000001,70.074
1372,801.624,70.941
1373,801.7764,68.96
1374,801.9288000000001,66.856
1375,802.0812000000001,65.866
1376,802.2336,68.342
1377,802.386,72.673
1378,802.5384000000001,78.875
1379,802.6908000000001,80.0
1380,802.8432,76.881
1381,802.9956,71.683
1382,803.1480000000001,74.035
1383,803.3004000000001,74.158
1384,803.4528,69.579
1385,803.6052,68.466
1386,803.7576000000001,71.441
1387,803.9100000000001,71.32
1388,804.0624,65.744
1389,804.2148,50.299
1390,804.3672000000001,39.16
1391,804.5196000000001,34.791
1392,804.672,35.672
1393,804.8244,37.554
1394,804.9768000000001,38.81
1395,805.1292000000001,38.941
1396,805.2816,40.558
1397,805.434,42.269
1398,805.5864000000001,43.491
1399,805.7388000000001,46.659
1400,805.8912,48.608
1401,806.0436,50.92
1402,806.1960000000001,49.341
1403,806.3484000000001,45.213
1404,806.5008,47.402
1405,806.6532,50.072
1406,806.8056000000001,52.625
1407,806.9580000000001,53.624
1408,807.1104,50.19
1409,807.2628,50.311
1410,807.4152000000001,55.118
1411,807.5676000000001,57.359
1412,807.72,47.019
1413,807.8724,37.955
1414,808.0248000000001,31.979
1415,808.1772000000001,29.117
1416,808.3296,28.743
1417,808.482,29.488
1418,808.6344000000001,28.493
1419,808.7868000000001,26.225
1420,808.9392,26.097
1421,809.0916,27.245
1422,809.2440000000001,28.615
1423,809.3964000000001,26.225
1424,809.5488,23.801
1425,809.7012,22.525
1426,809.8536000000001,28.614
1427,810.0060000000001,43.922
1428,810.1584,61.04
1429,810.3108,71.061
1430,810.4632000000001,73.712
1431,810.6156000000001,71.313
1432,810.768,66.515
1433,810.9204,59.802
1434,811.0728000000001,53.49
1435,811.2252000000001,51.029
1436,811.3776,52.871
1437,811.53,58.441
1438,811.6824000000001,66.136
1439,811.8348000000001,70.934
1440,811.9872,69.798
1441,812.1396,66.01
1442,812.2920000000001,63.762
1443,812.4444000000001,63.267
1444,812.5968,66.515
1445,812.7492,72.576
1446,812.9016000000001,78.75
1447,813.0540000000001,80.875
1448,813.2064,82.125
1449,813.3588,77.121
1450,813.5112000000001,70.303
1451,813.6636000000001,64.505
1452,813.816,66.136
1453,813.9684,66.768
1454,814.1208000000001,67.652
1455,814.2732000000001,71.313
1456,814.4256,75.732
1457,814.578,76.49
1458,814.7304000000001,72.576
1459,814.8828000000001,73.965
1460,815.0352,76.616
1461,815.1876,78.5
1462,815.3400000000001,80.875
1463,815.4924000000001,82.375
1464,815.6448,81.375
1465,815.7972,79.625
1466,815.9496000000001,75.101
1467,816.1020000000001,68.03
1468,816.2544,66.01
1469,816.4068,69.419
1470,816.5592000000001,72.323
1471,816.7116000000001,74.343
1472,816.864,76.995
1473,817.0164,79.75
1474,817.1688000000001,78.875
1475,817.3212000000001,76.616
1476,817.4736,76.111
1477,817.626,75.48
1478,817.7784000000001,74.722
1479,817.9308000000001,75.732
1480,818.0832,78.375
1481,818.2356,79.125
1482,818.3880000000001,79.125
1483,818.5404000000001,83.25
1484,818.6928,88.5
1485,818.8452,91.853
1486,818.9976000000001,89.115
1487,819.1500000000001,85.234
1488,819.3024,82.853
1489,819.4548,81.721
1490,819.6072000000001,80.84
1491,819.7596000000001,80.709
1492,819.912,80.203
1493,820.0644,79.322
1494,820.2168000000001,78.44
1495,820.3692000000001,77.809
1496,820.5216,77.178
1497,820.674,76.923
1498,820.8264000000001,80.415
1499,820.9788000000001,86.034
1500,821.1312,91.774
1501,821.2836,93.016
1502,821.4360000000001,96.632
1503,821.5884000000001,98.128
1504,821.7408,93.877
1505,821.8932,86.75
1506,822.0456000000001,79.625
1507,822.1980000000001,77.625
1508,822.3504,82.75
1509,822.5028,89.625
1510,822.6552000000001,90.875
1511,822.8076000000001,89.875
1512,822.96,87.75
1513,823.1124,86.125
1514,823.2648000000002,91.5
1515,823.4172000000001,97.875
1516,823.5696,103.247
1517,823.722,105.115
1518,823.8744000000002,103.123
1519,824.0268000000001,100.0
1520,824.1792,94.625
1521,824.3316,91.75
1522,824.4840000000002,93.625
1523,824.6364000000001,92.0
1524,824.7888,91.875
1525,824.9412,88.378
1526,825.0936000000002,79.26
1527,825.2460000000001,68.19
1528,825.3984,62.38
1529,825.5508,67.457
1530,825.7032000000002,77.411
1531,825.8556000000001,86.291
1532,826.008,87.172
1533,826.1604,88.429
1534,826.3128000000002,91.935
1535,826.4652000000001,91.566
1536,826.6176,86.947
1537,826.77,85.078
1538,826.9224000000002,81.71
1539,827.0748000000001,75.121
1540,827.2272,75.373
1541,827.3796,76.614
1542,827.5320000000002,71.675
1543,827.6844000000001,65.989
1544,827.8368,68.093
1545,827.9892,78.625
1546,828.1416000000002,89.125
1547,828.2940000000001,95.875
1548,828.4464,95.5
1549,828.5988,91.875
1550,828.7512000000002,88.75
1551,828.9036000000001,85.875
1552,829.056,87.875
1553,829.2084,91.75
1554,829.3608000000002,91.625
1555,829.5132000000001,88.375
1556,829.6656,86.375
1557,829.818,90.875
1558,829.9704000000002,100.0
1559,830.1228000000001,106.337
1560,830.2752,106.708
1561,830.4276,100.625
1562,830.5800000000002,89.625
1563,830.7324000000001,79.75
1564,830.8848,70.817
1565,831.0372,53.862
1566,831.1896000000002,41.112
1567,831.3420000000001,34.44
1568,831.4944,33.203
1569,831.6468,36.307
1570,831.7992000000002,43.7
1571,831.9516000000001,59.702
1572,832.104,75.567
1573,832.2564,85.553
1574,832.4088000000002,86.559
1575,832.5612000000001,85.941
1576,832.7136,83.572
1577,832.866,80.579
1578,833.0184000000002,80.96
1579,833.1708000000001,85.466
1580,833.3232,88.972
1581,833.4756,89.979
1582,833.6280000000002,86.985
1583,833.7804000000001,84.741
1584,833.9328,85.747
1585,834.0852,83.876
1586,834.2376000000002,78.009
1587,834.3900000000001,76.152
1588,834.5424,79.144
1589,834.6948,83.265
1590,834.8472000000002,87.258
1591,834.9996000000001,90.993
1592,835.152,93.106
1593,835.3044,94.474
1594,835.4568000000002,88.88
1595,835.6092000000001,81.42
1596,835.7616,76.949
1597,835.914,71.6
1598,836.0664000000002,67.741
1599,836.2188000000001,69.238
1600,836.3712,70.862
1601,836.5236,73.236
1602,836.6760000000002,75.113
1603,836.8284000000001,72.994
1604,836.9808,67.125
1605,837.1332,62.123
1606,837.2856000000002,68.994
1607,837.4380000000001,77.624
1608,837.5904,78.614
1609,837.7428,78.738
1610,837.8952000000002,80.718
1611,838.0476000000001,85.668
1612,838.2,88.02
1613,838.3524,85.421
1614,838.5048000000002,84.678
1615,838.6572000000001,87.154
1616,838.8096,89.753
1617,838.962,97.453
1618,839.1144000000002,102.416
1619,839.2668000000001,101.789
1620,839.4192,99.303
1621,839.5716,93.843
1622,839.7240000000002,88.639
1623,839.8764000000001,85.173
1624,840.0288,84.926
1625,840.1812,88.762
1626,840.3336000000002,92.599
1627,840.4860000000001,93.094
1628,840.6384,91.856
1629,840.7908,88.515
1630,840.9432000000002,84.555
1631,841.0956000000001,82.574
1632,841.248,81.832
1633,841.4004,84.059
1634,841.5528000000002,89.01
1635,841.7052000000001,88.02
1636,841.8576,85.916
1637,842.01,81.213
1638,842.1624000000002,81.832
1639,842.3148000000001,75.985
1640,842.4672,63.391
1641,842.6196,46.74
1642,842.7720000000002,33.441
1643,842.9244000000001,38.515
1644,843.0768,56.46
1645,843.2292,76.992
1646,843.3816000000002,88.506
1647,843.5340000000001,90.603
1648,843.6864,88.493
1649,843.8388,84.65
1650,843.9912000000002,81.426
1651,844.1436000000001,80.182
1652,844.296,82.28
1653,844.4484,88.339
1654,844.6008000000002,96.377
1655,844.7532000000001,99.836
1656,844.9056,91.785
1657,845.058,81.259
1658,845.2104000000002,70.643
1659,845.3628000000001,62.008
1660,845.5152,77.152
1661,845.6676,92.126
1662,845.8200000000002,96.822
1663,845.9724000000001,97.311
1664,846.1248,100.028
1665,846.2772,98.292
1666,846.4296000000002,93.96
1667,846.5820000000001,84.926
1668,846.7344,69.5
1669,846.8868,53.875
1670,847.0392000000002,49.587
1671,847.1916000000001,68.625
1672,847.344,84.059
1673,847.4964,87.525
1674,847.6488000000002,82.698
1675,847.8012000000001,78.614
1676,847.9536,78.614
1677,848.106,75.0
1678,848.2584000000002,70.0
1679,848.4108000000001,62.0
1680,848.5632,54.125
1681,848.7156,45.704
1682,848.8680000000002,39.625
1683,849.0204000000001,36.375
1684,849.1728,40.85
1685,849.3252,45.459
1686,849.4776000000002,49.828
1687,849.6300000000001,54.497
1688,849.7824,62.482
1689,849.9348,75.097
1690,850.0872000000002,86.624
1691,850.2396000000001,83.648
1692,850.392,78.815
1693,850.5444,78.809
1694,850.6968000000002,81.402
1695,850.8492000000001,88.697
1696,851.0016,93.414
1697,851.154,91.168
1698,851.3064000000002,86.451
1699,851.4588000000001,73.159
1700,851.6112,56.469
1701,851.7636,45.894
1702,851.9160000000002,43.198
1703,852.0684000000001,44.05
1704,852.2208,48.212
1705,852.3732,58.195
1706,852.5256000000002,65.26
1707,852.6780000000001,63.281
1708,852.8304,56.591
1709,852.9828,48.954
1710,853.1352000000002,54.362
1711,853.2876000000001,64.296
1712,853.44,75.632
1713,853.5924,81.832
1714,853.7448000000002,83.441
1715,853.8972000000001,78.49
1716,854.0496,76.63
1717,854.202,75.513
1718,854.3544000000002,72.037
1719,854.5068000000001,72.164
1720,854.6592,76.012
1721,854.8116,79.109
1722,854.9640000000002,81.708
1723,855.1164000000001,81.46
1724,855.2688,74.653
1725,855.4212,67.228
1726,855.5736000000002,59.875
1727,855.7260000000001,53.125
1728,855.8784,56.875
1729,856.0308,67.104
1730,856.1832000000002,74.158
1731,856.3356000000001,80.223
1732,856.488,83.069
1733,856.6404,85.297
1734,856.7928000000002,84.555
1735,856.9452000000001,80.099
1736,857.0976,76.881
1737,857.25,78.243
1738,857.4024000000002,76.386
1739,857.5548000000001,76.139
1740,857.7072000000001,78.366
1741,857.8596,84.183
1742,858.0120000000002,92.625
1743,858.1644000000001,94.75
1744,858.3168000000001,96.5
1745,858.4692,91.253
1746,858.6216000000002,85.925
1747,858.7740000000001,79.124
1748,858.9264000000001,72.943
1749,859.0788,77.529
1750,859.2312000000002,80.504
1751,859.3836000000001,81.624
1752,859.5360000000001,84.106
1753,859.6884,88.072
1754,859.8408000000002,88.202
1755,859.9932000000001,85.362
1756,860.1456000000001,78.933
1757,860.298,72.008
1758,860.4504000000002,65.579
1759,860.6028000000001,68.432
1760,860.7552000000001,71.408
1761,860.9076,70.672
1762,861.0600000000002,73.277
1763,861.2124000000001,80.337
1764,861.3648000000001,81.581
1765,861.5172,78.614
1766,861.6696000000002,80.347
1767,861.8220000000001,81.708
1768,861.9744000000001,81.832
1769,862.1268,82.822
1770,862.2792000000002,81.708
1771,862.4316000000001,78.614
1772,862.5840000000001,74.406
1773,862.7364,73.911
1774,862.8888000000002,79.109
1775,863.0412000000001,86.411
1776,863.1936000000001,90.248
1777,863.346,92.599
1778,863.4984000000002,98.292
1779,863.6508000000001,100.52
1780,863.8032000000001,94.455
1781,863.9556,86.906
1782,864.1080000000002,80.223
1783,864.2604000000001,65.866
1784,864.4128000000001,49.681
1785,864.5652,34.25
1786,864.7176000000002,25.459
1787,864.8700000000001,23.418
1788,865.0224000000001,24.949
1789,865.1748,28.75
1790,865.3272000000002,31.125
1791,865.4796000000001,36.375
1792,865.6320000000001,41.961
1793,865.7844,46.25
1794,865.9368000000002,47.108
1795,866.0892000000001,44.167
1796,866.2416000000001,49.191
1797,866.394,56.875
1798,866.5464000000002,60.625
1799,866.6988000000001,53.375
1800,866.8512000000001,44.902
1801,867.0036,40.245
1802,867.1560000000002,40.858
1803,867.3084000000001,39.75
1804,867.4608000000001,38.5
1805,867.6132,37.25
1806,867.7656000000002,38.5
1807,867.9180000000001,40.613
1808,868.0704000000001,40.858
1809,868.2228,40.98
1810,868.3752000000002,47.23
1811,868.5276000000001,54.5
1812,868.6800000000001,55.75
1813,868.8324,52.01
1814,868.9848000000002,46.618
1815,869.1372000000001,44.412
1816,869.2896000000001,45.882
1817,869.442,46.985
1818,869.5944000000002,44.779
1819,869.7468000000001,42.819
1820,869.8992000000001,42.083
1821,870.0516,41.103
1822,870.2040000000002,40.613
1823,870.3564000000001,42.451
1824,870.5088000000001,44.167
1825,870.6612,45.147
1826,870.8136000000002,46.985
1827,870.9660000000001,48.088
1828,871.1184000000001,46.25
1829,871.2708,42.696
1830,871.4232000000002,40.49
1831,871.5756000000001,37.875
1832,871.7280000000001,36.25
1833,871.8804,37.25
1834,872.0328000000002,42.941
1835,872.1852000000001,49.681
1836,872.3376000000001,54.375
1837,872.49,56.625
1838,872.6424000000002,55.625
1839,872.7948000000001,54.75
1840,872.9472000000001,56.75
1841,873.0996,53.25
1842,873.2520000000002,49.559
1843,873.4044000000001,48.211
1844,873.5568000000001,46.985
1845,873.7092,51.029
1846,873.8616000000002,58.625
1847,874.0140000000001,60.875
1848,874.1664000000001,61.0
1849,874.3188,61.5
1850,874.4712000000002,62.875
1851,874.6236000000001,64.375
1852,874.7760000000001,64.625
1853,874.9284,65.75
1854,875.0808000000002,62.375
1855,875.2332000000001,56.375
1856,875.3856000000001,53.25
1857,875.538,51.887
1858,875.6904000000002,50.662
1859,875.8428000000001,49.069
1860,875.9952000000001,47.598
1861,876.1476,47.843
1862,876.3000000000002,49.559
1863,876.4524000000001,50.907
1864,876.6048000000001,50.662
1865,876.7572,51.029
1866,876.9096000000002,54.5
1867,877.0620000000001,58.625
1868,877.2144000000001,68.25
1869,877.3668,77.871
1870,877.5192000000002,82.698
1871,877.6716000000001,76.875
1872,877.8240000000001,69.25
1873,877.9764,67.875
1874,878.1288000000002,70.75
1875,878.2812000000001,73.0
1876,878.4336000000001,75.375
1877,878.586,77.0
1878,878.7384000000002,81.46
1879,878.8908000000001,79.975
1880,879.0432000000001,79.852
1881,879.1956,83.069
1882,879.3480000000002,82.822
1883,879.5004000000001,78.366
1884,879.6528000000001,72.875
1885,879.8052,71.875
1886,879.9576000000002,75.75
1887,880.1100000000001,74.375
1888,880.2624000000001,58.875
1889,880.4148,41.961
1890,880.5672000000002,38.75
1891,880.7196000000001,36.875
1892,880.8720000000001,34.75
1893,881.0244,33.375
1894,881.1768000000002,34.375
1895,881.3292000000001,36.125
1896,881.4816000000001,40.613
1897,881.634,43.799
1898,881.7864000000002,44.412
1899,881.9388000000001,42.819
1900,882.0912000000001,38.75
1901,882.2436,38.625
1902,882.3960000000002,45.147
1903,882.5484000000001,52.875
1904,882.7008000000001,60.125
1905,882.8532,72.125
1906,883.0056000000002,78.985
1907,883.1580000000001,76.5
1908,883.3104000000001,73.25
1909,883.4628,71.25
1910,883.6152000000002,69.125
1911,883.7676000000001,65.5
1912,883.9200000000001,62.0
1913,884.0724,58.875
1914,884.2248000000002,56.375
1915,884.3772000000001,53.5
1916,884.5296000000001,56.0
1917,884.682,63.375
1918,884.8344000000002,70.75
1919,884.9868000000001,76.25
1920,885.1392000000001,79.852
1921,885.2916,82.822
1922,885.4440000000002,75.875
1923,885.5964000000001,69.875
1924,885.7488000000001,66.625
1925,885.9012,68.125
1926,886.0536000000002,66.875
1927,886.2060000000001,64.125
1928,886.3584000000001,65.875
1929,886.5108,69.125
1930,886.6632,70.5
1931,886.8156000000001,66.75
1932,886.9680000000001,65.375
1933,887.1204,71.125
1934,887.2728,75.75
1935,887.4252000000001,78.614
1936,887.5776000000001,82.451
1937,887.73,80.594
1938,887.8824,79.852
1939,888.0348000000001,76.5
1940,888.1872000000001,72.625
1941,888.3396,72.75
1942,888.492,71.5
1943,888.6444000000001,69.25
1944,888.7968000000001,64.875
1945,888.9492,62.125
1946,889.1016,68.625
1947,889.2540000000001,77.375
1948,889.4064000000001,81.955
1949,889.5588,85.173
1950,889.7112,84.555
1951,889.8636000000001,80.47
1952,890.0160000000001,76.125
1953,890.1684,71.5
1954,890.3208,67.25
1955,890.4732000000001,60.75
1956,890.6256000000001,55.25
1957,890.778,53.125
1958,890.9304,58.625
1959,891.0828000000001,60.125
1960,891.2352000000001,58.375
1961,891.3876,60.875
1962,891.54,68.375
1963,891.6924000000001,78.49
1964,891.8448000000001,87.649
1965,891.9972,88.267
1966,892.1496,86.411
1967,892.3020000000001,87.525
1968,892.4544000000001,83.441
1969,892.6068,82.946
1970,892.7592,80.842
1971,892.9116000000001,78.861
1972,893.0640000000001,77.871
1973,893.2164,76.0
1974,893.3688,72.375
1975,893.5212000000001,69.25
1976,893.6736000000001,70.0
1977,893.826,73.125
1978,893.9784,76.625
1979,894.1308000000001,81.708
1980,894.2832000000001,84.802
1981,894.4356,84.678
1982,894.588,80.718
1983,894.7404000000001,69.625
1984,894.8928000000001,67.25
1985,895.0452,75.0
1986,895.1976,82.822
1987,895.3500000000001,85.421
1988,895.5024000000001,85.297
1989,895.6548,81.955
1990,895.8072,79.604
1991,895.9596000000001,80.47
1992,896.1120000000001,71.0
1993,896.2644,55.125
1994,896.4168,46.035
1995,896.5692000000001,47.623
1996,896.7216000000001,49.697
1997,896.874,48.602
1998,897.0264,42.396
1999,897.1788000000001,38.966
2000,897.3312000000001,39.222
2001,897.4836,44.355
2002,897.636,52.257
2003,897.7884000000001,58.625
2004,897.9408000000001,60.75
2005,898.0932,58.0
2006,898.2456,54.625
2007,898.3980000000001,54.375
2008,898.5504000000001,54.375
2009,898.7028,59.25
2010,898.8552,72.625
2011,899.0076000000001,84.926
2012,899.1600000000001,85.173
2013,899.3124,77.995
2014,899.4648,71.375
2015,899.6172000000001,62.25
2016,899.7696000000001,52.379
2017,899.922,43.155
2018,900.0744,37.75
2019,900.2268000000001,35.0
2020,900.3792000000001,32.25
2021,900.5316,31.0
2022,900.684,31.25
2023,900.8364000000001,36.625
2024,900.9888000000001,44.369
2025,901.1412,52.75
2026,901.2936,59.25
2027,901.4460000000001,62.75
2028,901.5984000000001,60.875
2029,901.7508,62.25
2030,901.9032,64.75
2031,902.0556000000001,65.5
2032,902.2080000000001,69.25
2033,902.3604,71.875
2034,902.5128,68.875
2035,902.6652000000001,67.125
2036,902.8176000000001,64.375
2037,902.97,64.25
2038,903.1224,71.0
2039,903.2748000000001,78.243
2040,903.4272000000001,80.965
2041,903.5796,81.708
2042,903.732,81.832
2043,903.8844000000001,79.356
2044,904.0368000000001,74.25
2045,904.1892,70.75
2046,904.3416,75.75
2047,904.4940000000001,79.109
2048,904.6464000000001,80.347
2049,904.7988,82.698
2050,904.9512,81.337
2051,905.1036000000001,83.441
2052,905.2560000000001,80.718
2053,905.4084,76.625
2054,905.5608,78.985
2055,905.7132000000001,82.822
2056,905.8656000000001,80.718
2057,906.018,77.995
2058,906.1704,76.75
2059,906.3228000000001,85.421
2060,906.4752000000001,90.124
2061,906.6276,89.257
2062,906.78,85.545
2063,906.9324000000001,80.47
2064,907.0848000000001,75.5
2065,907.2372,78.366
2066,907.3896,85.916
2067,907.5420000000001,90.743
2068,907.6944000000001,92.104
2069,907.8468,89.505
2070,907.9992,85.05
2071,908.1516000000001,81.708
2072,908.3040000000001,79.48
2073,908.4564,75.625
2074,908.6088,73.375
2075,908.7612000000001,72.875
2076,908.9136000000001,74.125
2077,909.066,72.5
2078,909.2184,70.625
2079,909.3708000000001,69.0
2080,909.5232000000001,63.75
2081,909.6756,53.625
2082,909.828,39.5
2083,909.9804000000001,28.625
2084,910.1328000000001,29.125
2085,910.2852,36.875
2086,910.4376,53.5
2087,910.5900000000001,69.625
2088,910.7424000000001,85.545
2089,910.8948,96.683
2090,911.0472,98.168
2091,911.1996000000001,98.168
2092,911.3520000000001,92.475
2093,911.5044,80.965
2094,911.6568,66.75
2095,911.8092000000001,57.0
2096,911.9616000000001,53.125
2097,912.114,63.625
2098,912.2664,78.243
2099,912.4188000000001,87.154
2100,912.5712000000001,92.104
2101,912.7236,93.218
2102,912.876,94.332
2103,913.0284000000001,93.465
2104,913.1808000000001,89.505
2105,913.3332,81.337
2106,913.4856,70.375
2107,913.6380000000001,62.625
2108,913.7904000000001,65.0
2109,913.9428,70.75
2110,914.0952,74.75
2111,914.2476000000001,77.25
2112,914.4000000000001,76.125
2113,914.5524,74.25
2114,914.7048,79.852
2115,914.8572000000001,91.485
2116,915.0096000000001,95.693
2117,915.162,93.094
2118,915.3144,87.401
2119,915.4668000000001,81.832
2120,915.6192000000001,79.975
2121,915.7716,79.356
2122,915.924,80.594
2123,916.0764000000001,86.535
2124,916.2288000000001,90.371
2125,916.3812,88.391
2126,916.5336,87.401
2127,916.6860000000001,86.658
2128,916.8384000000001,88.762
2129,916.9908,89.505
2130,917.1432,89.381
2131,917.2956000000001,87.649
2132,917.4480000000001,84.307
2133,917.6004,85.297
2134,917.7528,86.782
2135,917.9052000000001,86.658
2136,918.0576000000001,87.772
2137,918.21,91.361
2138,918.3624,92.847
2139,918.5148000000002,90.866
2140,918.6672000000001,86.04
2141,918.8196,81.46
2142,918.972,75.375
2143,919.1244000000002,73.25
2144,919.2768000000001,76.75
2145,919.4292,79.975
2146,919.5816,82.079
2147,919.7340000000002,79.604
2148,919.8864000000001,78.49
2149,920.0388,78.243
2150,920.1912,76.75
2151,920.3436000000002,73.5
2152,920.4960000000001,72.75
2153,920.6484,73.875
2154,920.8008,70.25
2155,920.9532000000002,61.875
2156,921.1056000000001,52.875
2157,921.258,43.762
2158,921.4104,38.875
2159,921.5628000000002,34.125
2160,921.7152000000001,36.125
2161,921.8676,48.738
2162,922.02,61.0
2163,922.1724000000002,70.125
2164,922.3248000000001,72.125
2165,922.4772,67.0
2166,922.6296,62.5
2167,922.7820000000002,60.875
2168,922.9344000000001,61.375
2169,923.0868,62.375
2170,923.2392,65.375
2171,923.3916000000002,69.125
2172,923.5440000000001,70.75
2173,923.6964,71.75
2174,923.8488,73.5
2175,924.0012000000002,71.25
2176,924.1536000000001,64.75
2177,924.306,57.625
2178,924.4584,49.709
2179,924.6108000000002,44.369
2180,924.7632000000001,41.942
2181,924.9156,41.335
2182,925.068,40.607
2183,925.2204000000002,39.625
2184,925.3728000000001,38.25
2185,925.5252,36.375
2186,925.6776,32.375
2187,925.8300000000002,29.875
2188,925.9824000000001,31.375
2189,926.1348,39.0
2190,926.2872,53.625
2191,926.4396000000002,69.75
2192,926.5920000000001,83.688
2193,926.7444,83.193
2194,926.8968,77.25
2195,927.0492000000002,75.625
2196,927.2016000000001,71.0
2197,927.354,65.0
2198,927.5064,63.0
2199,927.6588000000002,62.75
2200,927.8112000000001,67.0
2201,927.9636,75.375
2202,928.116,83.441
2203,928.2684000000002,87.401
2204,928.4208000000001,89.257
2205,928.5732,95.322
2206,928.7256,102.129
2207,928.8780000000002,99.282
2208,929.0304000000001,91.98
2209,929.1828,84.183
2210,929.3352,74.75
2211,929.4876000000002,65.75
2212,929.6400000000001,59.5
2213,929.7924,57.75
2214,929.9448,60.75
2215,930.0972000000002,65.0
2216,930.2496000000001,64.0
2217,930.402,62.0
2218,930.5544,62.625
2219,930.7068000000002,64.875
2220,930.8592000000001,67.0
2221,931.0116,70.625
2222,931.164,76.75
2223,931.3164000000002,85.05
2224,931.4688000000001,88.391
2225,931.6212,85.792
2226,931.7736,86.287
2227,931.9260000000002,86.04
2228,932.0784000000001,83.069
2229,932.2308,78.614
2230,932.3832,70.75
2231,932.5356000000002,62.625
2232,932.6880000000001,59.0
2233,932.8404,56.5
2234,932.9928,53.625
2235,933.1452000000002,50.558
2236,933.2976000000001,52.5
2237,933.45,56.25
2238,933.6024,62.625
2239,933.7548000000002,72.5
2240,933.9072000000001,83.936
2241,934.0596,95.817
2242,934.212,99.282
2243,934.3644000000002,95.817
2244,934.5168000000001,93.218
2245,934.6692,92.971
2246,934.8216,92.353
2247,934.9740000000002,89.753
2248,935.1264000000001,89.134
2249,935.2788,88.762
2250,935.4312,76.875
2251,935.5836000000002,65.25
2252,935.7360000000001,68.25
2253,935.8884,79.109
2254,936.0408,88.515
2255,936.1932000000002,92.364
2256,936.3456000000001,91.867
2257,936.498,82.203
2258,936.6504,68.0
2259,936.8028000000002,59.0
2260,936.9552000000001,55.5
2261,937.1076,57.625
2262,937.26,58.875
2263,937.4124000000002,60.375
2264,937.5648000000001,61.75
2265,937.7172,66.125
2266,937.8696,71.125
2267,938.0220000000002,70.5
2268,938.1744000000001,68.5
2269,938.3268,70.75
2270,938.4792,73.5
2271,938.6316000000002,74.875
2272,938.7840000000001,71.5
2273,938.9364,66.125
2274,939.0888,61.125
2275,939.2412000000002,65.125
2276,939.3936000000001,71.75
2277,939.546,77.25
2278,939.6984,80.223
2279,939.8508000000002,79.48
2280,940.0032000000001,75.25
2281,940.1556,73.25
2282,940.308,79.48
2283,940.4604000000002,83.564
2284,940.6128000000001,84.802
2285,940.7652,79.852
2286,940.9176,69.875
2287,941.0700000000002,58.625
2288,941.2224000000001,57.625
2289,941.3748,62.25
2290,941.5272,65.0
2291,941.6796000000002,65.75
2292,941.8320000000001,63.625
2293,941.9844,59.875
2294,942.1368,60.375
2295,942.2892000000002,65.0
2296,942.4416000000001,71.125
2297,942.594,73.75
2298,942.7464,74.875
2299,942.8988000000002,72.5
2300,943.0512000000001,74.125
2301,943.2036,75.375
2302,943.356,74.875
2303,943.5084000000002,80.347
2304,943.6608000000001,89.505
2305,943.8132,93.5
2306,943.9656,95.25
2307,944.1180000000002,97.875
2308,944.2704000000001,101.375
2309,944.4228,103.243
2310,944.5752,96.625
2311,944.7276000000002,88.762
2312,944.8800000000001,86.782
2313,945.0324,86.287
2314,945.1848,84.802
2315,945.3372000000002,81.955
2316,945.4896000000001,77.748
2317,945.642,72.594
2318,945.7944,67.558
2319,945.9468000000002,70.071
2320,946.0992000000001,75.61
2321,946.2516,80.47
2322,946.404,84.307
2323,946.5564000000002,82.451
2324,946.7088000000001,81.955
2325,946.8612,84.553
2326,947.0136,87.895
2327,947.1660000000002,89.133
2328,947.3184000000001,87.025
2329,947.4708,81.565
2330,947.6232,71.91
2331,947.7756000000002,70.136
2332,947.9280000000001,73.539
2333,948.0804,72.648
2334,948.2328,72.642
2335,948.3852000000002,71.499
2336,948.5376000000001,70.862
2337,948.69,72.749
2338,948.8424,72.743
2339,948.9948000000002,70.338
2340,949.1472000000001,77.902
2341,949.2996,79.893
2342,949.452,78.514
2343,949.6044000000002,74.479
2344,949.7568000000001,71.695
2345,949.9092,72.071
2346,950.0616,69.798
2347,950.2140000000002,69.672
2348,950.3664000000001,72.323
2349,950.5188,73.207
2350,950.6712,80.5
2351,950.8236000000002,84.375
2352,950.9760000000001,82.625
2353,951.1284,78.75
2354,951.2808,76.869
2355,951.4332000000002,78.625
2356,951.5856000000001,80.75
2357,951.738,81.125
2358,951.8904,78.5
2359,952.0428000000002,74.849
2360,952.1952000000001,67.652
2361,952.3476,58.688
2362,952.5,55.47
2363,952.6524000000002,58.193
2364,952.8048000000001,60.421
2365,952.9572000000001,63.514
2366,953.1096,67.397
2367,953.2620000000002,72.692
2368,953.4144000000001,79.353
2369,953.5668000000001,86.597
2370,953.7192,89.59
2371,953.8716000000002,90.332
2372,954.0240000000001,88.328
2373,954.1764000000001,83.072
2374,954.3288,72.414
2375,954.4812000000002,61.143
2376,954.6336000000001,56.038
2377,954.7860000000001,53.044
2378,954.9384,54.285
2379,955.0908000000002,59.889
2380,955.2432000000001,69.26
2381,955.3956000000001,80.647
2382,955.548,89.641
2383,955.7004000000002,91.508
2384,955.8528000000001,88.128
2385,956.0052000000001,84.247
2386,956.1576,76.616
2387,956.3100000000002,75.612
2388,956.4624000000001,79.478
2389,956.6148000000001,83.972
2390,956.7672,85.091
2391,956.9196000000002,85.334
2392,957.0720000000001,85.953
2393,957.2244000000001,86.197
2394,957.3768,88.941
2395,957.5292000000002,90.434
2396,957.6816000000001,84.053
2397,957.8340000000001,71.832
2398,957.9864,60.903
2399,958.1388000000002,61.525
2400,958.2912000000001,71.078
2401,958.4436000000001,80.647
2402,958.596,82.516
2403,958.7484000000002,81.509
2404,958.9008000000001,79.378
2405,959.0532000000001,76.139
2406,959.2056,72.801
2407,959.3580000000002,69.713
2408,959.5104000000001,74.041
2409,959.6628000000001,78.75
2410,959.8152,82.75
2411,959.9676000000002,80.375
2412,960.1200000000001,75.651
2413,960.2724000000001,76.021
2414,960.4248,78.0
2415,960.5772000000002,78.375
2416,960.7296000000001,77.377
2417,960.8820000000001,75.901
2418,961.0344,72.46
2419,961.1868000000002,68.038
2420,961.3392000000001,66.815
2421,961.4916000000001,69.275
2422,961.644,72.838
2423,961.7964000000002,74.557
2424,961.9488000000001,75.784
2425,962.1012000000001,77.013
2426,962.2536,75.057
2427,962.4060000000002,78.391
2428,962.5584000000001,80.647
2429,962.7108000000001,76.791
2430,962.8632,72.373
2431,963.0156000000002,71.393
2432,963.1680000000001,71.519
2433,963.3204000000001,77.307
2434,963.4728,87.434
2435,963.6252000000002,88.691
2436,963.7776000000001,85.697
2437,963.9300000000001,84.578
2438,964.0824,86.834
2439,964.2348000000002,88.216
2440,964.3872000000001,86.097
2441,964.5396000000001,81.853
2442,964.692,78.859
2443,964.8444000000002,81.366
2444,964.9968000000001,83.247
2445,965.1492000000001,77.625
2446,965.3016,71.312
2447,965.4540000000002,64.01
2448,965.6064000000001,58.936
2449,965.7588000000001,60.05
2450,965.9112,61.287
2451,966.0636000000002,62.277
2452,966.2160000000001,66.114
2453,966.3684000000001,69.951
2454,966.5208,73.663
2455,966.6732000000002,77.376
2456,966.8256000000001,81.375
2457,966.9780000000001,84.125
2458,967.1304,86.375
2459,967.2828000000002,85.5
2460,967.4352000000001,81.0
2461,967.5876000000001,71.807
2462,967.74,66.856
2463,967.8924000000002,64.505
2464,968.0448000000001,61.535
2465,968.1972000000001,56.461
2466,968.3496,53.119
2467,968.5020000000002,49.685
2468,968.6544000000001,50.298
2469,968.8068000000001,55.477
2470,968.9592,66.148
2471,969.1116000000002,70.115
2472,969.2640000000001,72.596
2473,969.4164000000001,74.954
2474,969.5688,77.934
2475,969.7212000000002,82.066
2476,969.8736000000001,86.697
2477,970.0260000000001,90.699
2478,970.1784,91.698
2479,970.3308000000002,89.466
2480,970.4832000000001,84.972
2481,970.6356000000001,80.853
2482,970.788,76.248
2483,970.9404000000002,78.241
2484,971.0928000000001,79.872
2485,971.2452000000001,76.637
2486,971.3976,74.537
2487,971.5500000000002,71.444
2488,971.7024000000001,67.48
2489,971.8548000000001,63.753
2490,972.0072,66.489
2491,972.1596000000002,75.182
2492,972.3120000000001,81.158
2493,972.4644000000001,84.897
2494,972.6168,86.019
2495,972.7692000000002,83.534
2496,972.9216000000001,83.164
2497,973.0740000000001,83.416
2498,973.2264,78.453
2499,973.3788000000002,75.347
2500,973.5312000000001,76.6
2501,973.6836000000001,77.602
2502,973.836,76.986
2503,973.9884000000002,78.234
2504,974.1408000000001,78.611
2505,974.2932000000001,72.5
2506,974.4456,58.812
2507,974.5980000000002,45.76
2508,974.7504000000001,41.593
2509,974.9028000000001,40.98
2510,975.0552,45.515
2511,975.2076000000002,52.995
2512,975.3600000000001,58.069
2513,975.5124000000001,62.277
2514,975.6648,64.381
2515,975.8172000000002,61.535
2516,975.9696000000001,61.658
2517,976.1220000000001,62.649
2518,976.2744,64.753
2519,976.4268000000002,68.625
2520,976.5792000000001,69.75
2521,976.7316000000001,66.375
2522,976.884,62.649
2523,977.0364000000002,62.03
2524,977.1888000000001,65.5
2525,977.3412000000001,70.5
2526,977.4936,75.625
2527,977.6460000000002,77.125
2528,977.7984000000001,76.875
2529,977.9508000000001,75.0
2530,978.1032,74.125
2531,978.2556000000002,70.875
2532,978.4080000000001,66.25
2533,978.5604000000001,63.639
2534,978.7128,62.896
2535,978.8652000000002,61.782
2536,979.0176000000001,56.832
2537,979.1700000000001,51.029
2538,979.3224,45.147
2539,979.4748000000002,40.368
2540,979.6272000000001,37.525
2541,979.7796000000001,39.505
2542,979.932,47.966
2543,980.0844000000002,56.46
2544,980.2368000000001,66.625
2545,980.3892000000001,74.0
2546,980.5416,69.625
2547,980.6940000000002,63.639
2548,980.8464000000001,60.173
2549,980.9988000000001,59.678
2550,981.1512,61.906
2551,981.3036000000002,67.625
2552,981.4560000000001,77.5
2553,981.6084000000001,85.916
2554,981.7608,88.639
2555,981.9132000000002,83.069
2556,982.0656000000001,75.625
2557,982.2180000000001,67.5
2558,982.3704,61.411
2559,982.5228000000002,64.01
2560,982.6752000000001,75.5
2561,982.8276000000001,85.916
2562,982.98,85.173
2563,983.1324000000002,81.337
2564,983.2848000000001,77.375
2565,983.4372000000001,71.25
2566,983.5896,67.25
2567,983.7420000000002,65.75
2568,983.8944000000001,67.375
2569,984.0468000000001,67.375
2570,984.1992,68.375
2571,984.3516000000002,72.5
2572,984.5040000000001,77.995
2573,984.6564000000001,82.822
2574,984.8088,84.678
2575,984.9612000000002,82.822
2576,985.1136000000001,79.233
2577,985.2660000000001,75.375
2578,985.4184,75.75
2579,985.5708000000002,79.604
2580,985.7232000000001,84.183
2581,985.8756000000001,83.564
2582,986.028,81.089
2583,986.1804000000002,78.738
2584,986.3328000000001,76.0
2585,986.4852000000001,77.125
2586,986.6376,80.842
2587,986.7900000000002,83.441
2588,986.9424000000001,80.223
2589,987.0948000000001,79.356
2590,987.2472,77.25
2591,987.3996000000002,75.625
2592,987.5520000000001,77.624
2593,987.7044000000001,77.995
2594,987.8568,76.375
2595,988.0092000000002,73.25
2596,988.1616000000001,70.25
2597,988.3140000000001,75.0
2598,988.4664,80.223
2599,988.6188000000002,82.327
2600,988.7712000000001,80.842
2601,988.9236000000001,75.75
2602,989.076,71.375
2603,989.2284000000002,64.257
2604,989.3808000000001,57.822
2605,989.5332000000001,58.069
2606,989.6856,63.515
2607,989.8380000000002,67.875
2608,989.9904000000001,72.5
2609,990.1428000000001,77.375
2610,990.2952,79.604
2611,990.4476,79.48
2612,990.6000000000001,78.243
2613,990.7524000000001,79.109
2614,990.9048,86.535
2615,991.0572,91.75
2616,991.2096000000001,88.886
2617,991.3620000000001,82.698
2618,991.5144,76.5
2619,991.6668,75.75
2620,991.8192000000001,74.875
2621,991.9716000000001,74.625
2622,992.124,76.125
2623,992.2764,79.728
2624,992.4288000000001,83.193
2625,992.5812000000001,85.545
2626,992.7336,88.02
2627,992.886,92.625
2628,993.0384000000001,93.875
2629,993.1908000000001,85.173
2630,993.3432,65.0
2631,993.4956,48.333
2632,993.6480000000001,34.926
2633,993.8004000000001,26.862
2634,993.9528,24.056
2635,994.1052,23.929
2636,994.2576000000001,26.607
2637,994.4100000000001,30.594
2638,994.5624,36.411
2639,994.7148,50.172
2640,994.8672000000001,63.391
2641,995.0196000000001,76.125
2642,995.172,83.441
2643,995.3244,90.875
2644,995.4768000000001,95.125
2645,995.6292000000001,92.375
2646,995.7816,86.04
2647,995.934,79.356
2648,996.0864000000001,78.861
2649,996.2388000000001,82.574
2650,996.3912,84.431
2651,996.5436,77.375
2652,996.6960000000001,68.375
2653,996.8484000000001,57.574
2654,997.0008,51.152
2655,997.1532,41.348
2656,997.3056000000001,35.173
2657,997.4580000000001,31.337
2658,997.6104,28.49
2659,997.7628,26.48
2660,997.9152000000001,27.871
2661,998.0676000000001,28.49
2662,998.22,28.119
2663,998.3724,33.193
2664,998.5248000000001,43.431
2665,998.6772000000001,57.079
2666,998.8296,67.75
2667,998.982,72.75
2668,999.1344000000001,77.0
2669,999.2868000000001,80.594
2670,999.4392,81.584
2671,999.5916,78.366
2672,999.7440000000001,73.0
2673,999.8964000000001,69.375
2674,1000.0488,63.639
2675,1000.2012,56.46
2676,1000.3536000000001,56.832
2677,1000.5060000000001,60.05
2678,1000.6584,58.688
2679,1000.8108,60.297
2680,1000.9632000000001,64.629
2681,1001.1156000000001,67.75
2682,1001.268,68.75
2683,1001.4204,71.625
2684,1001.5728000000001,75.0
2685,1001.7252000000001,74.0
2686,1001.8776,76.625
2687,1002.03,80.594
2688,1002.1824000000001,86.287
2689,1002.3348000000001,91.5
2690,1002.4872,90.0
2691,1002.6396,89.505
2692,1002.7920000000001,93.0
2693,1002.9444000000001,91.125
2694,1003.0968,84.802
2695,1003.2492,74.0
2696,1003.4016000000001,60.792
2697,1003.5540000000001,45.882
2698,1003.7064,31.832
2699,1003.8588,26.352
2700,1004.0112000000001,24.821
2701,1004.1636000000001,22.525
2702,1004.316,20.23
2703,1004.4684,18.571
2704,1004.6208000000001,17.423
2705,1004.7732000000001,24.694
2706,1004.9256,33.94
2707,1005.078,55.226
2708,1005.2304000000001,73.881
2709,1005.3828000000001,85.935
2710,1005.5352,87.552
2711,1005.6876,80.604
2712,1005.8400000000001,71.896
2713,1005.9924000000001,70.903
2714,1006.1448,76.132
2715,1006.2972,81.73
2716,1006.4496000000001,84.72
2717,1006.6020000000001,83.602
2718,1006.7544,78.372
2719,1006.9068,74.025
2720,1007.0592000000001,71.174
2721,1007.2116000000001,68.698
2722,1007.364,61.239
2723,1007.5164,51.771
2724,1007.6688000000001,53.0
2725,1007.8212000000001,59.75
2726,1007.9736,67.228
2727,1008.126,73.663
2728,1008.2784000000001,79.125
2729,1008.4308000000001,89.5
2730,1008.5832,95.817
2731,1008.7356,98.54
2732,1008.8880000000001,92.723
2733,1009.0404000000001,85.375
2734,1009.1928,83.125
2735,1009.3452,80.25
2736,1009.4976000000001,75.025
2737,1009.6500000000001,70.693
2738,1009.8024,70.074
2739,1009.9548,71.312
2740,1010.1072000000001,70.693
2741,1010.2596000000001,66.98
2742,1010.412,63.75
2743,1010.5644,68.713
2744,1010.7168000000001,79.0
2745,1010.8692000000001,91.486
2746,1011.0216,96.936
2747,1011.174,88.876
2748,1011.3264000000001,80.517
2749,1011.4788000000001,70.35
2750,1011.6312,61.285
2751,1011.7836,68.878
2752,1011.9360000000001,74.329
2753,1012.0884000000001,77.678
2754,1012.2408,76.693
2755,1012.3932,73.605
2756,1012.5456000000001,68.166
2757,1012.6980000000001,65.696
2758,1012.8504,67.435
2759,1013.0028,68.803
2760,1013.1552000000001,70.047
2761,1013.3076000000001,71.91
2762,1013.46,79.839
2763,1013.6124,84.922
2764,1013.7648000000002,84.925
2765,1013.9172000000001,81.337
2766,1014.0696,78.614
2767,1014.222,76.757
2768,1014.3744000000002,76.015
2769,1014.5268000000001,77.005
2770,1014.6792,79.852
2771,1014.8316,84.059
2772,1014.9840000000002,86.906
2773,1015.1364000000001,88.391
2774,1015.2888,90.0
2775,1015.4412,92.375
2776,1015.5936000000002,91.375
2777,1015.7460000000001,86.906
2778,1015.8984,83.812
2779,1016.0508,81.213
2780,1016.2032000000002,82.079
2781,1016.3556000000001,86.287
2782,1016.508,90.125
2783,1016.6604,86.906
2784,1016.8128000000002,85.916
2785,1016.9652000000001,90.128
2786,1017.1176,89.514
2787,1017.27,83.951
2788,1017.4224000000002,79.131
2789,1017.5748000000001,79.013
2790,1017.7272,79.762
2791,1017.8796,78.407
2792,1018.0320000000002,82.002
2793,1018.1844000000001,86.711
2794,1018.3368,88.202
2795,1018.4892,89.941
2796,1018.6416000000002,93.054
2797,1018.7940000000001,95.295
2798,1018.9464,96.913
2799,1019.0988,94.309
2800,1019.2512000000002,90.22
2801,1019.4036000000001,90.35
2802,1019.556,90.852
2803,1019.7084,91.849
2804,1019.8608000000002,95.072
2805,1020.0132000000001,93.714
2806,1020.1656,91.486
2807,1020.318,83.069
2808,1020.4704000000002,64.125
2809,1020.6228000000001,43.186
2810,1020.7752,25.332
2811,1020.9276,21.122
2812,1021.0800000000002,20.23
2813,1021.2324000000001,23.929
2814,1021.3848,25.587
2815,1021.5372,26.097
2816,1021.6896000000002,27.625
2817,1021.8420000000001,28.625
2818,1021.9944,28.875
2819,1022.1468,27.245
2820,1022.2992000000002,26.607
2821,1022.4516000000001,29.125
2822,1022.604,28.75
2823,1022.7564,26.99
2824,1022.9088000000002,26.99
2825,1023.0612000000001,27.625
2826,1023.2136,26.735
2827,1023.366,23.674
2828,1023.5184000000002,20.612
2829,1023.6708000000001,19.975
2830,1023.8232,21.505
2831,1023.9756,24.056
2832,1024.1280000000002,27.245
2833,1024.2804,30.125
2834,1024.4328,33.0
2835,1024.5852,37.5
2836,1024.7376000000002,43.554
2837,1024.89,42.819
2838,1025.0424,37.0
2839,1025.1948,31.625
2840,1025.3472000000002,30.625
2841,1025.4996,28.75
2842,1025.652,27.5
2843,1025.8044,24.821
2844,1025.9568000000002,21.505
2845,1026.1092,21.888
2846,1026.2616,23.801
2847,1026.414,25.842
2848,1026.5664000000002,27.625
2849,1026.7188,27.245
2850,1026.8712,26.607
2851,1027.0236,26.48
2852,1027.1760000000002,26.48
2853,1027.3284,27.245
2854,1027.4808,27.625
2855,1027.6332,31.0
2856,1027.7856000000002,38.0
2857,1027.938,48.456
2858,1028.0904,56.25
2859,1028.2428,61.25
2860,1028.3952000000002,60.75
2861,1028.5476,57.5
2862,1028.7,66.625
2863,1028.8524,77.871
2864,1029.0048000000002,85.545
2865,1029.1572,82.327
2866,1029.3096,82.203
2867,1029.462,87.772
2868,1029.6144000000002,85.421
2869,1029.7668,80.47
2870,1029.9192,78.119
2871,1030.0716,79.975
2872,1030.2240000000002,84.059
2873,1030.3764,85.545
2874,1030.5288,84.678
2875,1030.6812,88.391
2876,1030.8336000000002,94.875
2877,1030.986,99.75
2878,1031.1384,101.0
2879,1031.2908,98.625
2880,1031.4432000000002,93.875
2881,1031.5956,88.515
2882,1031.748,82.946
2883,1031.9004,76.375
2884,1032.0528000000002,68.25
2885,1032.2052,60.25
2886,1032.3576,61.5
2887,1032.51,68.875
2888,1032.6624000000002,70.75
2889,1032.8148,63.0
2890,1032.9672,56.0
2891,1033.1196,54.75
2892,1033.2720000000002,64.0
2893,1033.4244,78.243
2894,1033.5768,84.678
2895,1033.7292,85.297
2896,1033.8816000000002,82.698
2897,1034.034,80.099
2898,1034.1864,77.748
2899,1034.3388,72.75
2900,1034.4912000000002,66.75
2901,1034.6436,60.5
2902,1034.796,52.875
2903,1034.9484,43.064
2904,1035.1008000000002,38.125
2905,1035.2532,39.625
2906,1035.4056,44.657
2907,1035.558,62.625
2908,1035.7104000000002,77.25
2909,1035.8628,87.277
2910,1036.0152,84.431
2911,1036.1676,77.25
2912,1036.3200000000002,74.875
2913,1036.4724,78.985
2914,1036.6248,79.728
2915,1036.7772,76.0
2916,1036.9296000000002,70.5
2917,1037.082,61.875
2918,1037.2344,54.25
2919,1037.3868,54.25
2920,1037.5392000000002,59.875
2921,1037.6916,70.25
2922,1037.844,82.574
2923,1037.9964,91.61
2924,1038.1488000000002,96.437
2925,1038.3012,101.51
2926,1038.4536,101.634
2927,1038.606,96.312
2928,1038.7584000000002,85.916
2929,1038.9108,66.5
2930,1039.0632,40.858
2931,1039.2156,26.99
2932,1039.3680000000002,23.674
2933,1039.5204,23.929
2934,1039.6728,30.75
2935,1039.8252,43.554
2936,1039.9776000000002,57.375
2937,1040.13,72.875
2938,1040.2824,85.792
2939,1040.4348,88.515
2940,1040.5872000000002,89.381
2941,1040.7396,91.485
2942,1040.892,94.332
2943,1041.0444,95.074
2944,1041.1968000000002,95.817
2945,1041.3492,92.847
2946,1041.5016,86.163
2947,1041.654,88.391
2948,1041.8064000000002,89.876
2949,1041.9588,90.866
2950,1042.1112,95.941
2951,1042.2636,102.253
2952,1042.4160000000002,97.797
2953,1042.5684,86.287
2954,1042.7208,76.875
2955,1042.8732,74.75
2956,1043.0256000000002,79.604
2957,1043.178,81.213
2958,1043.3304,78.243
2959,1043.4828,71.125
2960,1043.6352000000002,61.625
2961,1043.7876,55.125
2962,1043.94,61.125
2963,1044.0924,73.125
2964,1044.2448000000002,85.421
2965,1044.3972,97.426
2966,1044.5496,96.807
2967,1044.702,87.277
2968,1044.8544000000002,75.5
2969,1045.0068,64.0
2970,1045.1592,57.125
2971,1045.3116,63.0
2972,1045.4640000000002,69.125
2973,1045.6164,74.5
2974,1045.7688,79.604
2975,1045.9212,87.277
2976,1046.0736000000002,86.287
2977,1046.226,76.75
2978,1046.3784,67.25
2979,1046.5308,69.0
2980,1046.6832000000002,77.25
2981,1046.8356,84.678
2982,1046.988,86.163
2983,1047.1404,86.782
2984,1047.2928000000002,86.163
2985,1047.4452,82.327
2986,1047.5976,75.375
2987,1047.75,68.625
2988,1047.9024000000002,62.125
2989,1048.0548000000001,57.5
2990,1048.2072,61.0
2991,1048.3596,68.625
2992,1048.5120000000002,76.25
2993,1048.6644000000001,79.604
2994,1048.8168,79.233
2995,1048.9692,75.5
2996,1049.1216000000002,81.337
2997,1049.2740000000001,89.629
2998,1049.4264,93.837
2999,1049.5788,93.465
3000,1049.7312000000002,88.762
3001,1049.8836000000001,89.753
3002,1050.036,87.772
3003,1050.1884,83.317
3004,1050.3408000000002,81.337
3005,1050.4932000000001,84.678
3006,1050.6456,89.134
3007,1050.798,91.611
3008,1050.9504000000002,90.372
3009,1051.1028000000001,84.307
3010,1051.2552,78.614
3011,1051.4076,74.125
3012,1051.5600000000002,79.109
3013,1051.7124000000001,87.525
3014,1051.8648,95.969
3015,1052.0172,104.306
3016,1052.1696000000002,102.074
3017,1052.3220000000001,92.989
3018,1052.4744,80.965
3019,1052.6268,68.75
3020,1052.7792000000002,62.0
3021,1052.9316000000001,61.25
3022,1053.084,59.25
3023,1053.2364,56.625
3024,1053.3888000000002,53.5
3025,1053.5412000000001,54.25
3026,1053.6936,54.875
3027,1053.846,55.75
3028,1053.9984000000002,57.125
3029,1054.1508000000001,65.875
3030,1054.3032,76.375
3031,1054.4556,77.995
3032,1054.6080000000002,73.75
3033,1054.7604000000001,64.75
3034,1054.9128,58.25
3035,1055.0652,57.875
3036,1055.2176000000002,63.5
3037,1055.3700000000001,68.125
3038,1055.5224,64.125
3039,1055.6748,61.375
3040,1055.8272000000002,60.0
3041,1055.9796000000001,55.25
3042,1056.132,49.069
3043,1056.2844,47.721
3044,1056.4368000000002,55.0
3045,1056.5892000000001,76.25
3046,1056.7416,91.758
3047,1056.894,91.389
3048,1057.0464000000002,82.459
3049,1057.1988000000001,69.625
3050,1057.3512,50.056
3051,1057.5036,34.416
3052,1057.6560000000002,29.172
3053,1057.8084000000001,26.406
3054,1057.9608,25.52
3055,1058.1132,29.441
3056,1058.2656000000002,36.072
3057,1058.4180000000001,40.929
3058,1058.5704,42.395
3059,1058.7228,43.496
3060,1058.8752000000002,43.622
3061,1059.0276000000001,40.708
3062,1059.18,36.109
3063,1059.3324,33.616
3064,1059.4848000000002,33.372
3065,1059.6372000000001,30.125
3066,1059.7896,27.75
3067,1059.942,25.842
3068,1060.0944000000002,25.204
3069,1060.2468000000001,26.607
3070,1060.3992,29.125
3071,1060.5516,36.125
3072,1060.7040000000002,50.558
3073,1060.8564000000001,67.25
3074,1061.0088,80.75
3075,1061.1612,84.75
3076,1061.3136000000002,82.5
3077,1061.4660000000001,77.375
3078,1061.6184,74.75
3079,1061.7708,74.125
3080,1061.9232000000002,75.25
3081,1062.0756000000001,78.375
3082,1062.228,80.125
3083,1062.3804,73.125
3084,1062.5328000000002,61.875
3085,1062.6852000000001,50.197
3086,1062.8376,46.923
3087,1062.99,41.944
3088,1063.1424000000002,37.005
3089,1063.2948000000001,33.39
3090,1063.4472,41.704
3091,1063.5996,53.413
3092,1063.7520000000002,69.0
3093,1063.9044000000001,85.25
3094,1064.0568,97.302
3095,1064.2092,104.875
3096,1064.3616000000002,103.375
3097,1064.5140000000001,98.787
3098,1064.6664,95.569
3099,1064.8188,95.941
3100,1064.9712000000002,97.302
3101,1065.1236000000001,102.625
3102,1065.276,106.875
3103,1065.4284,103.75
3104,1065.5808000000002,97.178
3105,1065.7332000000001,86.248
3106,1065.8856,73.378
3107,1066.038,62.166
3108,1066.1904000000002,57.583
3109,1066.3428000000001,67.398
3110,1066.4952,76.877
3111,1066.6476,83.854
3112,1066.8000000000002,87.836
3113,1066.9524000000001,88.204
3114,1067.1048,91.184
3115,1067.2572,88.816
3116,1067.4096000000002,82.596
3117,1067.5620000000001,79.488
3118,1067.7144,87.06
3119,1067.8668,93.525
3120,1068.0192000000002,92.896
3121,1068.1716000000001,85.682
3122,1068.324,79.607
3123,1068.4764,76.633
3124,1068.6288000000002,73.91
3125,1068.7812000000001,72.55
3126,1068.9336,77.5
3127,1069.086,87.277
3128,1069.2384000000002,93.875
3129,1069.3908000000001,91.25
3130,1069.5432,91.5
3131,1069.6956,92.625
3132,1069.8480000000002,94.0
3133,1070.0004000000001,92.125
3134,1070.1528,89.381
3135,1070.3052,88.144
3136,1070.4576000000002,86.411
3137,1070.6100000000001,90.625
3138,1070.7624,97.75
3139,1070.9148,97.375
3140,1071.0672000000002,93.625
3141,1071.2196000000001,88.267
3142,1071.372,84.431
3143,1071.5244,77.748
3144,1071.6768000000002,71.683
3145,1071.8292000000001,72.426
3146,1071.9816,73.416
3147,1072.134,71.436
3148,1072.2864000000002,70.817
3149,1072.4388000000001,71.436
3150,1072.5912,71.312
3151,1072.7436,73.663
3152,1072.8960000000002,75.396
3153,1073.0484000000001,71.436
3154,1073.2008,71.064
3155,1073.3532,74.901
3156,1073.5056000000002,76.51
3157,1073.6580000000001,78.738
3158,1073.8104,83.936
3159,1073.9628,91.125
3160,1074.1152000000002,95.125
3161,1074.2676000000001,92.875
3162,1074.42,88.391
3163,1074.5724,88.02
3164,1074.7248000000002,90.625
3165,1074.8772000000001,92.0
3166,1075.0296,89.876
3167,1075.182,91.0
3168,1075.3344000000002,92.875
3169,1075.4868000000001,86.411
3170,1075.6392,81.584
3171,1075.7916,80.594
3172,1075.9440000000002,86.411
3173,1076.0964000000001,90.75
3174,1076.2488,87.896
3175,1076.4012,95.625
3176,1076.5536000000002,103.614
3177,1076.7060000000001,105.718
3178,1076.8584,98.875
3179,1077.0108,88.144
3180,1077.1632000000002,81.708
3181,1077.3156000000001,78.49
3182,1077.468,80.718
3183,1077.6204,81.708
3184,1077.7728000000002,74.035
3185,1077.9252000000001,73.79
3186,1078.0776,86.173
3187,1078.23,93.761
3188,1078.3824000000002,88.042
3189,1078.5348000000001,78.89
3190,1078.6872,75.673
3191,1078.8396,76.423
3192,1078.9920000000002,83.611
3193,1079.1444000000001,90.302
3194,1079.2968,89.069
3195,1079.4492,86.6
3196,1079.6016000000002,80.047
3197,1079.7540000000001,72.597
3198,1079.9064,72.227
3199,1080.0588,75.596
3200,1080.2112000000002,80.938
3201,1080.3636000000001,87.503
3202,1080.516,91.843
3203,1080.6684,89.62
3204,1080.8208000000002,87.522
3205,1080.9732000000001,86.782
3206,1081.1256,85.668
3207,1081.278,83.688
3208,1081.4304000000002,85.545
3209,1081.5828000000001,84.059
3210,1081.7352,82.203
3211,1081.8876,81.832
3212,1082.0400000000002,83.688
3213,1082.1924000000001,86.535
3214,1082.3448,82.698
3215,1082.4972,73.102
3216,1082.6496000000002,60.178
3217,1082.8020000000001,51.808
3218,1082.9544,50.696
3219,1083.1068,54.409
3220,1083.2592000000002,59.153
3221,1083.4116000000001,63.522
3222,1083.564,58.641
3223,1083.7164,52.759
3224,1083.8688000000002,55.878
3225,1084.0212000000001,65.505
3226,1084.1736,70.808
3227,1084.326,74.091
3228,1084.4784000000002,74.091
3229,1084.6308000000001,70.051
3230,1084.7832,64.625
3231,1084.9356,60.75
3232,1085.0880000000002,58.25
3233,1085.2404000000001,54.5
3234,1085.3928,52.01
3235,1085.5452,50.539
3236,1085.6976000000002,46.985
3237,1085.8500000000001,42.328
3238,1086.0024,40.735
3239,1086.1548,42.574
3240,1086.3072000000002,45.025
3241,1086.4596000000001,47.843
3242,1086.612,50.662
3243,1086.7644,51.642
3244,1086.9168000000002,52.255
3245,1087.0692000000001,53.75
3246,1087.2216,56.5
3247,1087.374,58.5
3248,1087.5264000000002,58.0
3249,1087.6788000000001,53.875
3250,1087.8312,46.74
3251,1087.9836,38.875
3252,1088.1360000000002,31.25
3253,1088.2884000000001,29.75
3254,1088.4408,32.5
3255,1088.5932,37.625
3256,1088.7456000000002,41.471
3257,1088.8980000000001,43.922
3258,1089.0504,46.985
3259,1089.2028,49.927
3260,1089.3552000000002,52.5
3261,1089.5076000000001,48.088
3262,1089.66,41.471
3263,1089.8124,33.625
3264,1089.9648000000002,27.117
3265,1090.1172000000001,23.036
3266,1090.2696,23.418
3267,1090.422,28.375
3268,1090.5744000000002,34.75
3269,1090.7268000000001,42.206
3270,1090.8792,50.907
3271,1091.0316,61.0
3272,1091.1840000000002,68.662
3273,1091.3364000000001,75.354
3274,1091.4888,81.832
3275,1091.6412,83.441
3276,1091.7936000000002,82.698
3277,1091.9460000000001,81.089
3278,1092.0984,84.555
3279,1092.2508,89.753
3280,1092.4032000000002,90.619
3281,1092.5556000000001,87.03
3282,1092.708,83.069
3283,1092.8604,80.842
3284,1093.0128000000002,77.624
3285,1093.1652000000001,77.868
3286,1093.3176,82.936
3287,1093.47,88.994
3288,1093.6224000000002,87.998
3289,1093.7748000000001,84.155
3290,1093.9272,86.253
3291,1094.0796,88.227
3292,1094.2320000000002,90.326
3293,1094.3844000000001,92.93
3294,1094.5368,93.05
3295,1094.6892,89.935
3296,1094.8416,86.464
3297,1094.9940000000001,83.982
3298,1095.1464,83.233
3299,1095.2988,82.113
3300,1095.4512,80.622
3301,1095.6036000000001,80.616
3302,1095.756,88.159
3303,1095.9084,101.251
3304,1096.0608,113.022
3305,1096.2132000000001,107.079
3306,1096.3656,104.48
3307,1096.518,105.965
3308,1096.6704,99.5
3309,1096.8228000000001,90.5
3310,1096.9752,86.411
3311,1097.1276,85.545
3312,1097.28,85.545
3313,1097.4324000000001,87.896
3314,1097.5848,93.125
3315,1097.7372,96.875
3316,1097.8896,93.375
3317,1098.0420000000001,87.401
3318,1098.1944,83.317
3319,1098.3468,83.936
3320,1098.4992,86.782
3321,1098.6516000000001,92.5
3322,1098.804,97.75
3323,1098.9564,104.728
3324,1099.1088,106.089
3325,1099.2612000000001,99.123
3326,1099.4136,93.497
3327,1099.566,90.999
3328,1099.7184,92.371
3329,1099.8708000000001,94.116
3330,1100.0232,93.241
3331,1100.1756,91.246
3332,1100.328,91.245
3333,1100.4804000000001,93.485
3334,1100.6328,94.479
3335,1100.7852,92.114
3336,1100.9376,88.755
3337,1101.0900000000001,88.257
3338,1101.2424,93.228
3339,1101.3948,96.825
3340,1101.5472,97.07
3341,1101.6996000000001,98.678
3342,1101.852,96.691
3343,1102.0044,92.229
3344,1102.1568,91.609
3345,1102.3092000000001,90.124
3346,1102.4616,85.375
3347,1102.614,81.0
3348,1102.7664,80.125
3349,1102.9188000000001,83.25
3350,1103.0712,85.75
3351,1103.2236,87.375
3352,1103.376,88.125
3353,1103.5284000000001,87.5
3354,1103.6808,89.875
3355,1103.8332,91.238
3356,1103.9856,86.5
3357,1104.1380000000001,85.75
3358,1104.2904,83.5
3359,1104.4428,76.49
3360,1104.5952,66.768
3361,1104.7476000000001,62.401
3362,1104.9,71.313
3363,1105.0524,79.5
3364,1105.2048,86.75
3365,1105.3572000000001,90.368
3366,1105.5096,93.706
3367,1105.662,94.693
3368,1105.8144,93.078
3369,1105.9668000000001,94.065
3370,1106.1192,101.259
3371,1106.2716,105.615
3372,1106.424,102.003
3373,1106.5764000000001,97.901
3374,1106.7288,98.894
3375,1106.8812,98.27
3376,1107.0336,92.418
3377,1107.1860000000001,84.672
3378,1107.3384,76.035
3379,1107.4908,61.011
3380,1107.6432,44.743
3381,1107.7956000000001,44.741
3382,1107.948,60.88
3383,1108.1004,76.633
3384,1108.2528,86.753
3385,1108.4052000000001,89.753
3386,1108.5576,89.51
3387,1108.71,82.9
3388,1108.8624,71.294
3389,1109.0148000000002,59.806
3390,1109.1672,58.444
3391,1109.3196,62.831
3392,1109.472,67.094
3393,1109.6244000000002,64.481
3394,1109.7768,59.869
3395,1109.9292,58.006
3396,1110.0816,67.519
3397,1110.2340000000002,76.032
3398,1110.3864,81.889
3399,1110.5388,83.513
3400,1110.6912,81.413
3401,1110.8436000000002,79.44
3402,1110.996,80.567
3403,1111.1484,83.303
3404,1111.3008,85.169
3405,1111.4532000000002,86.535
3406,1111.6056,84.183
3407,1111.758,78.49
3408,1111.9104,71.99
3409,1112.0628000000002,69.732
3410,1112.2152,69.102
3411,1112.3676,67.467
3412,1112.52,65.58
3413,1112.6724000000002,65.449
3414,1112.8248,67.829
3415,1112.9772,72.222
3416,1113.1296,77.748
3417,1113.2820000000002,78.738
3418,1113.4344,77.248
3419,1113.5868,76.87
3420,1113.7392,77.5
3421,1113.8916000000002,77.995
3422,1114.044,77.374
3423,1114.1964,76.112
3424,1114.3488,73.713
3425,1114.5012000000002,72.45
3426,1114.6536,72.071
3427,1114.806,71.061
3428,1114.9584,72.955
3429,1115.1108000000002,73.207
3430,1115.2632,68.283
3431,1115.4156,64.25
3432,1115.568,63.375
3433,1115.7204000000002,61.5
3434,1115.8728,59.25
3435,1116.0252,60.375
3436,1116.1776,66.389
3437,1116.3300000000002,77.121
3438,1116.4824,87.03
3439,1116.6348,99.654
3440,1116.7872,105.25
3441,1116.9396000000002,103.0
3442,1117.092,93.218
3443,1117.2444,72.323
3444,1117.3968,53.75
3445,1117.5492000000002,39.871
3446,1117.7016,44.363
3447,1117.854,52.136
3448,1118.0064,59.363
3449,1118.1588000000002,58.112
3450,1118.3112,55.866
3451,1118.4636,53.123
3452,1118.616,51.038
3453,1118.7684000000002,61.835
3454,1118.9208,77.936
3455,1119.0732,88.945
3456,1119.2256,87.825
3457,1119.3780000000002,89.056
3458,1119.5304,89.545
3459,1119.6828,92.262
3460,1119.8352,88.914
3461,1119.9876000000002,80.121
3462,1120.14,75.621
3463,1120.2924,74.1
3464,1120.4448,74.094
3465,1120.5972000000002,73.081
3466,1120.7496,68.283
3467,1120.902,54.604
3468,1121.0544,40.735
3469,1121.2068000000002,33.688
3470,1121.3592,38.762
3471,1121.5116,45.882
3472,1121.664,54.604
3473,1121.8164000000002,63.391
3474,1121.9688,66.894
3475,1122.1212,57.203
3476,1122.2736,48.824
3477,1122.4260000000002,38.267
3478,1122.5784,41.103
3479,1122.7308,50.662
3480,1122.8832,59.926
3481,1123.0356000000002,72.828
3482,1123.188,82.946
3483,1123.3404,89.381
3484,1123.4928,93.218
3485,1123.6452000000002,91.73
3486,1123.7976,86.649
3487,1123.95,80.95
3488,1124.1024,78.592
3489,1124.2548000000002,73.566
3490,1124.4072,67.015
3491,1124.5596,67.517
3492,1124.712,77.327
3493,1124.8644000000002,89.452
3494,1125.0168,101.008
3495,1125.1692,107.722
3496,1125.3216,104.364
3497,1125.4740000000002,98.266
3498,1125.6264,89.792
3499,1125.7788,77.158
3500,1125.9312,61.782
3501,1126.0836000000002,55.47
3502,1126.236,54.604
3503,1126.3884,50.049
3504,1126.5408,45.637
3505,1126.6932000000002,44.411
3506,1126.8456,46.245
3507,1126.998,50.894
3508,1127.1504,58.677
3509,1127.3028000000002,66.625
3510,1127.4552,72.875
3511,1127.6076,76.5
3512,1127.76,77.871
3513,1127.9124000000002,79.975
3514,1128.0648,82.574
3515,1128.2172,74.625
3516,1128.3696,65.25
3517,1128.5220000000002,60.143
3518,1128.6744,61.262
3519,1128.8268,65.375
3520,1128.9792,68.375
3521,1129.1316000000002,67.875
3522,1129.284,65.75
3523,1129.4364,73.125
3524,1129.5888,82.698
3525,1129.7412000000002,89.134
3526,1129.8936,87.896
3527,1130.046,91.238
3528,1130.1984,96.807
3529,1130.3508000000002,95.322
3530,1130.5032,91.485
3531,1130.6556,87.525
3532,1130.808,84.431
3533,1130.9604000000002,79.233
3534,1131.1128,76.0
3535,1131.2652,75.125
3536,1131.4176,71.375
3537,1131.5700000000002,72.0
3538,1131.7224,75.375
3539,1131.8748,66.625
3540,1132.0272,61.25
3541,1132.1796000000002,59.75
3542,1132.332,58.25
3543,1132.4844,55.125
3544,1132.6368,50.68
3545,1132.7892000000002,54.25
3546,1132.9416,61.625
3547,1133.094,68.75
3548,1133.2464,71.125
3549,1133.3988000000002,69.75
3550,1133.5512,70.375
3551,1133.7036,76.5
3552,1133.856,84.555
3553,1134.0084000000002,91.238
3554,1134.1608,92.723
3555,1134.3132,94.579
3556,1134.4656,96.188
3557,1134.6180000000002,94.332
3558,1134.7704,92.475
3559,1134.9228,86.04
3560,1135.0752,80.842
3561,1135.2276000000002,79.975
3562,1135.38,83.936
3563,1135.5324,83.812
3564,1135.6848,87.772
3565,1135.8372000000002,92.723
3566,1135.9896,92.228
3567,1136.142,85.668
3568,1136.2944,81.337
3569,1136.4468000000002,80.099
3570,1136.5992,80.099
3571,1136.7516,83.069
3572,1136.904,86.411
3573,1137.0564000000002,87.896
3574,1137.2088,87.649
3575,1137.3612,85.792
3576,1137.5136,84.926
3577,1137.6660000000002,85.668
3578,1137.8184,85.05
3579,1137.9708,84.307
3580,1138.1232,83.564
3581,1138.2756000000002,81.213
3582,1138.428,77.748
3583,1138.5804,76.0
3584,1138.7328,81.708
3585,1138.8852000000002,87.893
3586,1139.0376,84.793
3587,1139.19,82.187
3588,1139.3424,81.81
3589,1139.4948000000002,83.537
3590,1139.6472,84.644
3591,1139.7996,83.276
3592,1139.952,82.651
3593,1140.1044000000002,84.006
3594,1140.2568,85.486
3595,1140.4092,82.88
3596,1140.5616,79.161
3597,1140.7140000000002,80.393
3598,1140.8664,83.481
3599,1141.0188,86.816
3600,1141.1712,88.914
3601,1141.3236000000002,91.259
3602,1141.476,93.357
3603,1141.6284,90.628
3604,1141.7808,88.765
3605,1141.9332000000002,91.733
3606,1142.0856,90.619
3607,1142.238,88.144
3608,1142.3904,86.782
3609,1142.5428000000002,84.183
3610,1142.6952,81.337
3611,1142.8476,80.718
3612,1143.0,82.451
3613,1143.1524000000002,77.995
3614,1143.3048000000001,78.985
3615,1143.4572,85.792
3616,1143.6096,87.649
3617,1143.7620000000002,87.649
3618,1143.9144000000001,85.545
3619,1144.0668,81.46
3620,1144.2192,76.752
3621,1144.3716000000002,71.76
3622,1144.5240000000001,72.506
3623,1144.6764,70.88
3624,1144.8288,62.651
3625,1144.9812000000002,55.594
3626,1145.1336000000001,52.995
3627,1145.286,55.842
3628,1145.4384,61.04
3629,1145.5908000000002,64.134
3630,1145.7432000000001,62.649
3631,1145.8956,60.421
3632,1146.048,55.965
3633,1146.2004000000002,49.559
3634,1146.3528000000001,45.76
3635,1146.5052,48.578
3636,1146.6576,51.887
3637,1146.8100000000002,57.946
3638,1146.9624000000001,62.896
3639,1147.1148,60.173
3640,1147.2672,58.441
3641,1147.4196000000002,58.441
3642,1147.5720000000001,62.154
3643,1147.7244,68.375
3644,1147.8768,69.625
3645,1148.0292000000002,69.625
3646,1148.1816000000001,71.375
3647,1148.334,73.5
3648,1148.4864,75.75
3649,1148.6388000000002,73.25
3650,1148.7912000000001,74.75
3651,1148.9436,78.985
3652,1149.096,82.203
3653,1149.2484000000002,83.441
3654,1149.4008000000001,81.832
3655,1149.5532,80.965
3656,1149.7056,82.698
3657,1149.8580000000002,77.871
3658,1150.0104000000001,76.625
3659,1150.1628,76.625
3660,1150.3152,74.5
3661,1150.4676000000002,75.125
3662,1150.6200000000001,80.842
3663,1150.7724,86.411
3664,1150.9248,87.03
3665,1151.0772000000002,85.916
3666,1151.2296000000001,85.916
3667,1151.382,85.545
3668,1151.5344,83.936
3669,1151.6868000000002,80.718
3670,1151.8392000000001,78.985
3671,1151.9916,80.965
3672,1152.144,75.0
3673,1152.2964000000002,65.25
3674,1152.4488000000001,55.842
3675,1152.6012,49.314
3676,1152.7536,43.677
3677,1152.9060000000002,51.887
3678,1153.0584000000001,66.25
3679,1153.2108,79.975
3680,1153.3632,95.569
3681,1153.5156000000002,101.634
3682,1153.6680000000001,98.292
3683,1153.8204,86.287
3684,1153.9728,71.5
3685,1154.1252000000002,52.129
3686,1154.2776000000001,37.275
3687,1154.43,35.911
3688,1154.5824,40.489
3689,1154.7348000000002,48.926
3690,1154.8872000000001,60.284
3691,1155.0396,73.098
3692,1155.192,84.261
3693,1155.3444000000002,88.957
3694,1155.4968000000001,87.466
3695,1155.6492,91.049
3696,1155.8016,87.577
3697,1155.9540000000002,83.24
3698,1156.1064000000001,89.669
3699,1156.2588,96.098
3700,1156.4112,94.36
3701,1156.5636000000002,90.517
3702,1156.7160000000001,83.332
3703,1156.8684,77.757
3704,1157.0208,72.799
3705,1157.1732000000002,72.672
3706,1157.3256000000001,76.014
3707,1157.478,80.347
3708,1157.6304,82.574
3709,1157.7828000000002,83.069
3710,1157.9352000000001,85.297
3711,1158.0876,89.257
3712,1158.24,91.98
3713,1158.3924000000002,85.916
3714,1158.5448000000001,78.738
3715,1158.6972,73.394
3716,1158.8496,72.397
3717,1159.0020000000002,74.262
3718,1159.1544000000001,75.133
3719,1159.3068,76.004
3720,1159.4592,80.842
3721,1159.6116000000002,85.421
3722,1159.7640000000001,84.555
3723,1159.9164,83.688
3724,1160.0688,83.812
3725,1160.2212000000002,86.04
3726,1160.3736000000001,91.238
3727,1160.526,95.198
3728,1160.6784,90.743
3729,1160.8308000000002,86.411
3730,1160.9832000000001,86.411
3731,1161.1356,93.218
3732,1161.288,100.396
3733,1161.4404000000002,105.842
3734,1161.5928000000001,109.555
3735,1161.7452,102.624
3736,1161.8976,92.723
3737,1162.0500000000002,82.451
3738,1162.2024000000001,70.375
3739,1162.3548,55.842
3740,1162.5072,44.534
3741,1162.6596000000002,33.564
3742,1162.8120000000001,26.364
3743,1162.9644,28.614
3744,1163.1168,44.044
3745,1163.2692000000002,66.871
3746,1163.4216000000001,85.288
3747,1163.574,96.296
3748,1163.7264,96.043
3749,1163.8788000000002,94.799
3750,1164.0312000000001,92.318
3751,1164.1836,90.207
3752,1164.336,92.924
3753,1164.4884000000002,98.116
3754,1164.6408000000001,91.055
3755,1164.7932,81.024
3756,1164.9456,82.379
3757,1165.0980000000002,86.334
3758,1165.2504000000001,89.793
3759,1165.4028,94.118
3760,1165.5552,97.206
3761,1165.7076000000002,96.086
3762,1165.8600000000001,96.204
3763,1166.0124,94.341
3764,1166.1648,87.404
3765,1166.3172000000002,78.985
3766,1166.4696000000001,79.233
3767,1166.622,88.02
3768,1166.7744,95.446
3769,1166.9268000000002,93.96
3770,1167.0792000000001,91.485
3771,1167.2316,96.683
3772,1167.384,101.015
3773,1167.5364000000002,105.125
3774,1167.6888000000001,103.25
3775,1167.8412,98.416
3776,1167.9936,91.114
3777,1168.1460000000002,85.545
3778,1168.2984000000001,82.203
3779,1168.4508,77.748
3780,1168.6032,73.125
3781,1168.7556000000002,74.625
3782,1168.9080000000001,77.375
3783,1169.0604,80.099
3784,1169.2128,81.089
3785,1169.3652000000002,78.487
3786,1169.5176000000001,75.367
3787,1169.67,72.616
3788,1169.8224,73.61
3789,1169.9748000000002,76.723
3790,1170.1272000000001,81.55
3791,1170.2796,90.456
3792,1170.432,95.419
3793,1170.5844000000002,87.224
3794,1170.7368000000001,79.916
3795,1170.8892,76.315
3796,1171.0416,71.09
3797,1171.1940000000002,65.87
3798,1171.3464000000001,68.352
3799,1171.4988,72.074
3800,1171.6512,78.394
3801,1171.8036000000002,88.165
3802,1171.9560000000001,95.758
3803,1172.1084,97.628
3804,1172.2608,93.752
3805,1172.4132000000002,88.515
3806,1172.5656000000001,83.069
3807,1172.718,80.594
3808,1172.8704,86.535
3809,1173.0228000000002,91.372
3810,1173.1752000000001,96.981
3811,1173.3276,97.725
3812,1173.48,93.985
3813,1173.6324000000002,92.614
3814,1173.7848000000001,89.381
3815,1173.9372,86.906
3816,1174.0896,87.896
3817,1174.2420000000002,85.668
3818,1174.3944000000001,72.392
3819,1174.5468,58.351
3820,1174.6992,52.775
3821,1174.8516000000002,64.403
3822,1175.0040000000001,75.627
3823,1175.1564,82.946
3824,1175.3088,84.307
3825,1175.4612000000002,81.708
3826,1175.6136000000001,76.75
3827,1175.766,79.604
3828,1175.9184,83.317
3829,1176.0708000000002,86.906
3830,1176.2232000000001,84.555
3831,1176.3756,83.317
3832,1176.528,84.802
3833,1176.6804000000002,83.564
3834,1176.8328000000001,78.985
3835,1176.9852,74.25
3836,1177.1376,78.614
3837,1177.2900000000002,83.564
3838,1177.4424000000001,85.916
3839,1177.5948,84.059
3840,1177.7472,81.955
3841,1177.8996000000002,83.069
3842,1178.0520000000001,79.48
3843,1178.2044,77.375
3844,1178.3568,76.375
3845,1178.5092000000002,74.497
3846,1178.6616000000001,70.741
3847,1178.814,66.859
3848,1178.9664,65.728
3849,1179.1188000000002,68.597
3850,1179.2712000000001,71.715
3851,1179.4236,77.084
3852,1179.576,83.146
3853,1179.7284000000002,88.09
3854,1179.8808000000001,90.559
3855,1180.0332,91.173
3856,1180.1856,91.414
3857,1180.3380000000002,88.932
3858,1180.4904000000001,85.585
3859,1180.6428,82.361
3860,1180.7952,80.993
3861,1180.9476000000002,79.13
3862,1181.1000000000001,74.765
3863,1181.2524,68.384
3864,1181.4048,62.775
3865,1181.5572000000002,58.688
3866,1181.7096000000001,64.01
3867,1181.862,73.625
3868,1182.0144,84.926
3869,1182.1668000000002,87.525
3870,1182.3192000000001,81.955
3871,1182.4716,75.875
3872,1182.624,74.125
3873,1182.7764000000002,78.243
3874,1182.9288000000001,82.451
3875,1183.0812,89.629
3876,1183.2336,93.218
3877,1183.3860000000002,94.455
3878,1183.5384000000001,96.188
3879,1183.6908,100.149
3880,1183.8432,101.139
3881,1183.9956000000002,96.931
3882,1184.1480000000001,91.856
3883,1184.3004,89.381
3884,1184.4528,86.658
3885,1184.6052000000002,87.274
3886,1184.7576000000001,89.248
3887,1184.91,91.222
3888,1185.0624,85.647
3889,1185.2148000000002,80.443
3890,1185.3672000000001,74.973
3891,1185.5196,67.866
3892,1185.672,65.249
3893,1185.8244000000002,72.219
3894,1185.9768000000001,80.164
3895,1186.1292,84.737
3896,1186.2816,86.34
3897,1186.4340000000002,88.685
3898,1186.5864000000001,90.907
3899,1186.7388,87.188
3900,1186.8912,82.107
3901,1187.0436000000002,78.264
3902,1187.1960000000001,80.115
3903,1187.3484,84.44
3904,1187.5008,92.355
3905,1187.6532000000002,99.901
3906,1187.8056000000001,92.599
3907,1187.958,80.099
3908,1188.1104,66.361
3909,1188.2628000000002,53.861
3910,1188.4152000000001,59.555
3911,1188.5676,69.084
3912,1188.72,79.728
3913,1188.8724000000002,87.772
3914,1189.0248000000001,91.609
3915,1189.1772,94.703
3916,1189.3296,90.124
3917,1189.4820000000002,79.604
3918,1189.6344000000001,77.005
3919,1189.7868,77.253
3920,1189.9392,79.728
3921,1190.0916000000002,82.451
3922,1190.2440000000001,85.792
3923,1190.3964,89.381
3924,1190.5488,92.97
3925,1190.7012000000002,92.475
3926,1190.8536000000001,84.555
3927,1191.006,72.673
3928,1191.1584,65.743
3929,1191.3108000000002,70.198
3930,1191.4632000000001,74.53
3931,1191.6156,77.995
3932,1191.768,81.955
3933,1191.9204000000002,83.688
3934,1192.0728000000001,80.223
3935,1192.2252,78.49
3936,1192.3776,81.832
3937,1192.5300000000002,91.114
3938,1192.6824000000001,97.426
3939,1192.8348,99.035
3940,1192.9872,99.282
3941,1193.1396000000002,105.347
3942,1193.2920000000001,112.277
3943,1193.4444,118.535
3944,1193.5968,122.323
3945,1193.7492000000002,119.167
3946,1193.9016000000001,112.772
3947,1194.054,105.099
3948,1194.2064,97.921
3949,1194.3588000000002,91.733
3950,1194.5112000000001,90.0
3951,1194.6636,89.876
3952,1194.816,90.99
3953,1194.9684000000002,91.609
3954,1195.1208000000001,91.485
3955,1195.2732,94.332
3956,1195.4256,96.436
3957,1195.5780000000002,96.683
3958,1195.7304000000001,98.54
3959,1195.8828,101.015
3960,1196.0352,99.654
3961,1196.1876000000002,96.064
3962,1196.3400000000001,92.599
3963,1196.4924,89.257
3964,1196.6448,89.629
3965,1196.7972000000002,93.342
3966,1196.9496000000001,90.99
3967,1197.102,85.668
3968,1197.2544,81.832
3969,1197.4068000000002,81.584
3970,1197.5592000000001,83.564
3971,1197.7116,82.451
3972,1197.864,79.728
3973,1198.0164000000002,82.822
3974,1198.1688000000001,84.183
3975,1198.3212,84.678
3976,1198.4736,86.287
3977,1198.626,91.485
3978,1198.7784000000001,97.797
3979,1198.9308,102.5
3980,1199.0832,97.302
3981,1199.2356,88.391
3982,1199.3880000000001,79.356
3983,1199.5404,76.875
3984,1199.6928,80.47
3985,1199.8452,82.327
3986,1199.9976000000001,84.059
3987,1200.15,88.267
3988,1200.3024,95.817
3989,1200.4548,105.47
3990,1200.6072000000001,112.03
3991,1200.7596,112.525
3992,1200.912,102.624
3993,1201.0644,95.322
3994,1201.2168000000001,101.634
3995,1201.3692,113.762
3996,1201.5216,119.04
3997,1201.674,111.411
3998,1201.8264000000001,106.832
3999,1201.9788,103.49
4000,1202.1312,97.921
4001,1202.2836,92.104
4002,1202.4360000000001,92.228
4003,1202.5884,96.064
4004,1202.7408,98.911
4005,1202.8932,102.5
4006,1203.0456000000001,111.899
4007,1203.198,120.034
4008,1203.3504,124.447
4009,1203.5028,118.381
4010,1203.6552000000001,113.855
4011,1203.8076,126.953
4012,1203.96,134.008
4013,1204.1124,130.968
4014,1204.2648000000002,139.745
4015,1204.4172,147.015
4016,1204.5696,142.423
4017,1204.722,124.264
4018,1204.8744000000002,109.508
4019,1205.0268,112.822
4020,1205.1792,120.205
4021,1205.3316,121.335
4022,1205.4840000000002,105.322
4023,1205.6364,83.564
4024,1205.7888,66.375
4025,1205.9412,53.75
4026,1206.0936000000002,55.0
4027,1206.246,78.119
4028,1206.3984,98.292
4029,1206.5508,115.884
4030,1206.7032000000002,114.142
4031,1206.8556,105.196
4032,1207.008,99.158
4033,1207.1604,98.54
4034,1207.3128000000002,101.51
4035,1207.4652,95.941
4036,1207.6176,90.0
4037,1207.77,86.287
4038,1207.9224000000002,89.381
4039,1208.0748,92.104
4040,1208.2272,93.96
4041,1208.3796,91.485
4042,1208.5320000000002,90.866
4043,1208.6844,96.312
4044,1208.8368,102.99
4045,1208.9892,105.441
4046,1209.1416000000002,94.703
4047,1209.294,83.317
4048,1209.4464,78.119
4049,1209.5988,75.25
4050,1209.7512000000002,75.375
4051,1209.9036,71.75
4052,1210.056,66.625
4053,1210.2084,63.5
4054,1210.3608000000002,65.375
4055,1210.5132,68.75
4056,1210.6656,68.875
4057,1210.818,65.625
4058,1210.9704000000002,62.5
4059,1211.1228,58.375
4060,1211.2752,62.75
4061,1211.4276,74.75
4062,1211.5800000000002,82.079
4063,1211.7324,81.708
4064,1211.8848,78.614
4065,1212.0372,78.738
4066,1212.1896000000002,83.193
4067,1212.342,88.515
4068,1212.4944,92.352
4069,1212.6468,95.941
4070,1212.7992000000002,98.787
4071,1212.9516,100.767
4072,1213.104,101.015
4073,1213.2564,99.406
4074,1213.4088000000002,98.168
4075,1213.5612,100.891
4076,1213.7136,104.951
4077,1213.866,99.282
4078,1214.0184000000002,94.579
4079,1214.1708,97.55
4080,1214.3232,105.319
4081,1214.4756,101.262
4082,1214.6280000000002,96.559
4083,1214.7804,92.97
4084,1214.9328,90.495
4085,1215.0852,90.248
4086,1215.2376000000002,92.97
4087,1215.39,96.683
4088,1215.5424,101.51
4089,1215.6948,106.912
4090,1215.8472000000002,102.868
4091,1215.9996,95.074
4092,1216.152,89.629
4093,1216.3044,90.866
4094,1216.4568000000002,90.743
4095,1216.6092,91.238
4096,1216.7616,102.129
4097,1216.914,109.853
4098,1217.0664000000002,111.691
4099,1217.2188,104.338
4100,1217.3712,113.407
4101,1217.5236,139.872
4102,1217.6760000000002,146.378
4103,1217.8284,154.0
4104,1217.9808,161.375
4105,1218.1332,161.375
4106,1218.2856000000002,136.116
4107,1218.438,117.904
4108,1218.5904,99.777
4109,1218.7428,98.787
4110,1218.8952000000002,115.631
4111,1219.0476,122.702
4112,1219.2,121.944
4113,1219.3524,123.207
4114,1219.5048000000002,115.126
4115,1219.6572,89.753
4116,1219.8096,60.803
4117,1219.962,28.125
4118,1220.1144000000002,23.546
4119,1220.2668,40.73
4120,1220.4192,72.839
4121,1220.5716,105.319
4122,1220.7240000000002,134.296
4123,1220.8764,132.718
4124,1221.0288,112.549
4125,1221.1812,91.856
4126,1221.3336000000002,89.257
4127,1221.486,100.272
4128,1221.6384,105.564
4129,1221.7908,106.544
4130,1221.9432000000002,93.094
4131,1222.0956,84.307
4132,1222.248,74.975
4133,1222.4004,75.985
4134,1222.5528000000002,75.227
4135,1222.7052,71.566
4136,1222.8576,67.273
4137,1223.01,64.5
4138,1223.1624000000002,71.187
4139,1223.3148,79.852
4140,1223.4672,77.748
4141,1223.6196,77.871
4142,1223.7720000000002,81.708
4143,1223.9244,81.584
4144,1224.0768,78.614
4145,1224.2292,78.614
4146,1224.3816000000002,78.614
4147,1224.534,75.732
4148,1224.6864,72.955
4149,1224.8388,70.177
4150,1224.9912000000002,65.758
4151,1225.1436,67.147
4152,1225.296,69.672
4153,1225.4484,75.732
4154,1225.6008000000002,79.728
4155,1225.7532,79.48
4156,1225.9056,76.111
4157,1226.058,78.738
4158,1226.2104000000002,83.193
4159,1226.3628,87.649
4160,1226.5152,84.183
4161,1226.6676,79.975
4162,1226.8200000000002,72.071
4163,1226.9724,64.75
4164,1227.1248,63.625
4165,1227.2772,62.375
4166,1227.4296000000002,61.375
4167,1227.582,64.5
4168,1227.7344,70.556
4169,1227.8868,84.926
4170,1228.0392000000002,89.876
4171,1228.1916,83.812
4172,1228.344,75.606
4173,1228.4964,72.45
4174,1228.6488000000002,76.616
4175,1228.8012,79.852
4176,1228.9536,76.742
4177,1229.106,71.818
4178,1229.2584000000002,66.894
4179,1229.4108,63.875
4180,1229.5632,69.419
4181,1229.7156,80.223
4182,1229.8680000000002,88.639
4183,1230.0204,84.183
4184,1230.1728,70.808
4185,1230.3252,50.679
4186,1230.4776000000002,39.866
4187,1230.63,31.734
4188,1230.7824,34.978
4189,1230.9348,48.243
4190,1231.0872000000002,59.0
4191,1231.2396,66.888
4192,1231.392,72.799
4193,1231.5444,87.348
4194,1231.6968000000002,97.614
4195,1231.8492,84.489
4196,1232.0016,64.625
4197,1232.154,53.5
4198,1232.3064000000002,52.75
4199,1232.4588,53.75
4200,1232.6112,58.625
4201,1232.7636,64.125
4202,1232.9160000000002,67.628
4203,1233.0684,70.254
4204,1233.2208,69.876
4205,1233.3732,65.997
4206,1233.5256000000002,54.991
4207,1233.678,40.612
4208,1233.8304,35.0
4209,1233.9828,49.171
4210,1234.1352000000002,64.841
4211,1234.2876,76.622
4212,1234.44,84.183
4213,1234.5924,80.718
4214,1234.7448000000002,77.374
4215,1234.8972,75.112
4216,1235.0496,72.345
4217,1235.202,70.708
4218,1235.3544000000002,71.082
4219,1235.5068,76.493
4220,1235.6592,81.213
4221,1235.8116,73.719
4222,1235.9640000000002,65.898
4223,1236.1164,65.009
4224,1236.2688,73.587
4225,1236.4212,82.079
4226,1236.5736000000002,87.525
4227,1236.726,81.213
4228,1236.8784,71.313
4229,1237.0308,64.0
4230,1237.1832000000002,61.75
4231,1237.3356,55.25
4232,1237.488,54.0
4233,1237.6404,62.25
4234,1237.7928000000002,65.758
4235,1237.9452,56.75
4236,1238.0976,45.34
4237,1238.25,35.125
4238,1238.4024000000002,32.25
4239,1238.5548000000001,33.5
4240,1238.7072,38.875
4241,1238.8596,44.126
4242,1239.0120000000002,50.68
4243,1239.1644000000001,58.5
4244,1239.3168,64.875
4245,1239.4692,68.535
4246,1239.6216000000002,60.25
4247,1239.7740000000001,52.379
4248,1239.9264,54.5
4249,1240.0788,62.5
4250,1240.2312000000002,67.02
4251,1240.3836000000001,69.546
4252,1240.536,71.187
4253,1240.6884,72.576
4254,1240.8408000000002,71.818
4255,1240.9932000000001,68.283
4256,1241.1456,62.625
4257,1241.298,60.0
4258,1241.4504000000002,60.0
4259,1241.6028000000001,55.75
4260,1241.7552,55.375
4261,1241.9076,64.25
4262,1242.0600000000002,80.594
4263,1242.2124000000001,84.307
4264,1242.3648,80.223
4265,1242.5172,73.081
4266,1242.6696000000002,70.682
4267,1242.8220000000001,77.871
4268,1242.9744,95.817
4269,1243.1268,102.376
4270,1243.2792000000002,87.896
4271,1243.4316000000001,69.924
4272,1243.584,70.303
4273,1243.7364,69.546
4274,1243.8888000000002,67.147
4275,1244.0412000000001,75.859
4276,1244.1936,83.441
4277,1244.346,79.852
4278,1244.4984000000002,62.5
4279,1244.6508000000001,42.913
4280,1244.8032,28.625
4281,1244.9556,25.204
4282,1245.1080000000002,24.949
4283,1245.2604000000001,22.908
4284,1245.4128,20.23
4285,1245.5652,17.934
4286,1245.7176000000002,23.801
4287,1245.8700000000001,31.75
4288,1246.0224,41.82
4289,1246.1748,52.136
4290,1246.3272000000002,57.75
4291,1246.4796000000001,56.0
4292,1246.632,43.884
4293,1246.7844,33.625
4294,1246.9368000000002,28.125
4295,1247.0892000000001,24.949
4296,1247.2416,20.74
4297,1247.394,18.699
4298,1247.5464000000002,22.015
4299,1247.6988000000001,29.875
4300,1247.8512,38.625
4301,1248.0036,48.374
4302,1248.1560000000002,54.25
4303,1248.3084000000001,54.75
4304,1248.4608,50.558
4305,1248.6132,43.031
4306,1248.7656000000002,32.871
4307,1248.9180000000001,23.674
4308,1249.0704,17.423
4309,1249.2228,16.531
4310,1249.3752000000002,19.082
4311,1249.5276000000001,27.117
4312,1249.68,36.964
4313,1249.8324,43.969
4314,1249.9848000000002,42.868
4315,1250.1372000000001,36.453
4316,1250.2896,30.234
4317,1250.442,29.488
4318,1250.5944000000002,34.577
4319,1250.7468000000001,42.844
4320,1250.8992,50.543
4321,1251.0516,53.12
4322,1251.2040000000002,43.075
4323,1251.3564000000001,30.596
4324,1251.5088,24.821
4325,1251.6612,26.476
4326,1251.8136000000002,28.977
4327,1251.9660000000001,34.424
4328,1252.1184,42.569
4329,1252.2708,49.048
4330,1252.4232000000002,57.678
4331,1252.5756000000001,65.881
4332,1252.728,67.39
4333,1252.8804,65.251
4334,1253.0328000000002,61.518
4335,1253.1852000000001,50.973
4336,1253.3376,38.133
4337,1253.49,37.883
4338,1253.6424000000002,50.105
4339,1253.7948000000001,65.376
4340,1253.9472,79.137
4341,1254.0996,82.472
4342,1254.2520000000002,80.238
4343,1254.4044000000001,73.881
4344,1254.5568,63.625
4345,1254.7092,47.278
4346,1254.8616000000002,34.741
4347,1255.0140000000001,38.234
4348,1255.1664,46.653
4349,1255.3188,48.346
4350,1255.4712000000002,46.156
4351,1255.6236000000001,44.815
4352,1255.776,45.051
4353,1255.9284,46.623
4354,1256.0808000000002,47.83
4355,1256.2332000000001,48.674
4356,1256.3856,49.76
4357,1256.538,44.05
4358,1256.6904000000002,37.041
4359,1256.8428000000001,34.534
4360,1256.9952,33.153
4361,1257.1476,29.772
4362,1257.3000000000002,30.266
4363,1257.4524000000001,39.009
4364,1257.6048,53.003
4365,1257.7572,70.497
4366,1257.9096000000002,84.421
4367,1258.0620000000001,79.464
4368,1258.2144,70.103
4369,1258.3668,57.987
4370,1258.5192000000002,43.617
4371,1258.6716000000001,39.461
4372,1258.824,52.256
4373,1258.9764,66.946
4374,1259.1288000000002,76.565
4375,1259.2812000000001,85.603
4376,1259.4336,91.297
4377,1259.586,85.096
4378,1259.7384000000002,71.79
4379,1259.8908000000001,58.953
4380,1260.0432,53.616
4381,1260.1956,55.475
4382,1260.3480000000002,56.217
4383,1260.5004000000001,62.037
4384,1260.6528,70.628
4385,1260.8052,63.143
4386,1260.9576000000002,50.409
4387,1261.1100000000001,43.917
4388,1261.2624,37.272
4389,1261.4148,33.426
4390,1261.5672000000002,38.138
4391,1261.7196000000001,46.719
4392,1261.872,48.913
4393,1262.0244,47.444
4394,1262.1768000000002,34.777
4395,1262.3292000000001,27.055
4396,1262.4816,31.66
4397,1262.634,44.385
4398,1262.7864000000002,66.738
4399,1262.9388000000001,98.19
4400,1263.0912,111.757
4401,1263.2436,103.894
4402,1263.3960000000002,92.107
4403,1263.5484000000001,84.504
4404,1263.7008,85.251
4405,1263.8532,85.998
4406,1264.0056000000002,88.617
4407,1264.1580000000001,87.987
4408,1264.3104,79.247
4409,1264.4628,65.22
4410,1264.6152000000002,59.481
4411,1264.7676000000001,67.691
4412,1264.92,81.983
4413,1265.0724,99.89
4414,1265.2248000000002,114.194
4415,1265.3772000000001,118.361
4416,1265.5296,115.816
4417,1265.682,108.959
4418,1265.8344000000002,91.411
4419,1265.9868000000001,61.311
4420,1266.1392,45.286
4421,1266.2916,41.245
4422,1266.4440000000002,44.055
4423,1266.5964000000001,64.266
4424,1266.7488,84.68
4425,1266.9012,101.125
4426,1267.0536000000002,107.327
4427,1267.2060000000001,103.985
4428,1267.3584,88.267
4429,1267.5108,70.0
4430,1267.6632000000002,58.193
4431,1267.8156000000001,65.125
4432,1267.968,75.0
4433,1268.1204,84.926
4434,1268.2728000000002,81.955
4435,1268.4252000000001,66.375
4436,1268.5776,49.191
4437,1268.73,32.079
4438,1268.8824000000002,27.624
4439,1269.0348000000001,29.975
4440,1269.1872,34.555
4441,1269.3396,44.534
4442,1269.4920000000002,56.584
4443,1269.6444,76.0
4444,1269.7968000000003,90.25
4445,1269.9492000000002,92.249
4446,1270.1016000000002,86.906
4447,1270.2540000000001,80.594
4448,1270.4064,78.366
4449,1270.5588,74.625
4450,1270.7112,66.375
4451,1270.8636,57.203
4452,1271.0160000000003,55.594
4453,1271.1684000000002,63.762
4454,1271.3208000000002,72.625
4455,1271.4732000000001,79.48
4456,1271.6256,72.5
4457,1271.778,62.896
4458,1271.9304,55.594
4459,1272.0828,51.04
4460,1272.2352000000003,51.041
4461,1272.3876000000002,52.135
4462,1272.5400000000002,54.356
4463,1272.6924000000001,55.099
4464,1272.8448,51.529
4465,1272.9972,44.854
4466,1273.1496,46.311
4467,1273.302,54.48
4468,1273.4544000000003,62.649
4469,1273.6068000000002,71.875
4470,1273.7592000000002,76.875
4471,1273.9116000000001,72.625
4472,1274.064,65.375
4473,1274.2164,62.277
4474,1274.3688,59.926
4475,1274.5212,56.955
4476,1274.6736000000003,63.391
4477,1274.8260000000002,70.125
4478,1274.9784000000002,67.125
4479,1275.1308000000001,57.079
4480,1275.2832,41.82
4481,1275.4356,31.955
4482,1275.588,22.828
4483,1275.7404,21.692
4484,1275.8928000000003,34.926
4485,1276.0452000000002,54.109
4486,1276.1976000000002,73.244
4487,1276.3500000000001,76.735
4488,1276.5024,70.865
4489,1276.6548,65.0
4490,1276.8072,68.615
4491,1276.9596,68.987
4492,1277.1120000000003,67.989
4493,1277.2644000000003,68.859
4494,1277.4168000000002,66.866
4495,1277.5692000000001,61.535
4496,1277.7216,55.223
4497,1277.874,54.975
4498,1278.0264,59.431
4499,1278.1788,61.782
4500,1278.3312000000003,60.916
4501,1278.4836000000003,53.119
4502,1278.6360000000002,42.632
4503,1278.7884000000001,37.392
4504,1278.9408,39.131
4505,1279.0932,54.36
4506,1279.2456,71.688
4507,1279.398,84.307
4508,1279.5504000000003,81.832
4509,1279.7028000000003,73.425
4510,1279.8552000000002,58.104
4511,1280.0076000000001,36.535
4512,1280.16,27.5
4513,1280.3124,26.111
4514,1280.4648,38.762
4515,1280.6172,47.973
4516,1280.7696000000003,51.845
4517,1280.9220000000003,47.376
4518,1281.0744000000002,40.484
4519,1281.2268000000001,46.173
4520,1281.3792,57.423
4521,1281.5316,68.539
4522,1281.684,69.157
4523,1281.8364,71.368
4524,1281.9888000000003,75.049
4525,1282.1412000000003,68.554
4526,1282.2936000000002,54.604
4527,1282.4460000000001,39.753
4528,1282.5984,40.971
4529,1282.7508,44.369
4530,1282.9032,48.859
4531,1283.0556,54.48
4532,1283.2080000000003,55.347
4533,1283.3604000000003,50.194
4534,1283.5128000000002,46.068
4535,1283.6652000000001,45.218
4536,1283.8176,46.189
4537,1283.97,50.073
4538,1284.1224,60.545
4539,1284.2748,73.456
4540,1284.4272000000003,81.584
4541,1284.5796000000003,77.255
4542,1284.7320000000002,70.147
4543,1284.8844000000001,62.401
4544,1285.0368,60.792
4545,1285.1892,66.103
4546,1285.3416,70.515
4547,1285.494,71.985
4548,1285.6464000000003,71.25
4549,1285.7988000000003,72.721
4550,1285.9512000000002,82.327
4551,1286.1036000000001,97.125
4552,1286.256,107.822
4553,1286.4084,110.668
4554,1286.5608,105.223
4555,1286.7132,90.375
4556,1286.8656000000003,74.804
4557,1287.0180000000003,57.698
4558,1287.1704000000002,63.02
4559,1287.3228000000001,77.748
4560,1287.4752,88.267
4561,1287.6276,86.04
4562,1287.78,80.718
4563,1287.9324,67.696
4564,1288.0848000000003,56.089
4565,1288.2372000000003,56.337
4566,1288.3896000000002,57.946
4567,1288.5420000000001,63.144
4568,1288.6944,71.863
4569,1288.8468,81.213
4570,1288.9992,89.753
4571,1289.1516,92.25
4572,1289.3040000000003,87.649
4573,1289.4564000000003,80.718
4574,1289.6088000000002,71.372
4575,1289.7612000000001,60.421
4576,1289.9136,61.04
4577,1290.066,70.025
4578,1290.2184,72.966
4579,1290.3708,66.716
4580,1290.5232000000003,57.203
4581,1290.6756000000003,63.267
4582,1290.8280000000002,72.23
4583,1290.9804000000001,75.907
4584,1291.1328,76.397
4585,1291.2852,76.768
4586,1291.4376,78.128
4587,1291.59,78.753
4588,1291.7424000000003,64.256
4589,1291.8948000000003,49.66
4590,1292.0472000000002,40.367
4591,1292.1996000000001,46.841
4592,1292.352,59.907
4593,1292.5044,74.599
4594,1292.6568,88.697
4595,1292.8092,100.138
4596,1292.9616000000003,106.359
4597,1293.1140000000003,101.506
4598,1293.2664000000002,92.443
4599,1293.4188000000001,84.892
4600,1293.5712,74.138
4601,1293.7236,61.381
4602,1293.876,49.113
4603,1294.0284,48.137
4604,1294.1808000000003,56.252
4605,1294.3332000000003,65.495
4606,1294.4856000000002,73.787
4607,1294.6380000000001,78.243
4608,1294.7904,78.119
4609,1294.9428,77.995
4610,1295.0952,79.109
4611,1295.2476,81.213
4612,1295.4000000000003,78.366
4613,1295.5524000000003,72.302
4614,1295.7048000000002,70.817
4615,1295.8572000000001,74.654
4616,1296.0096,82.079
4617,1296.162,91.733
4618,1296.3144,96.683
4619,1296.4668,96.559
4620,1296.6192000000003,94.951
4621,1296.7716000000003,96.188
4622,1296.9240000000002,98.787
4623,1297.0764000000001,92.97
4624,1297.2288,86.782
4625,1297.3812,80.718
4626,1297.5336,75.52
4627,1297.686,68.713
4628,1297.8384000000003,67.228
4629,1297.9908000000003,66.98
4630,1298.1432000000002,66.114
4631,1298.2956000000001,68.96
4632,1298.448,75.149
4633,1298.6004,77.624
4634,1298.7528,75.396
4635,1298.9052,76.139
4636,1299.0576000000003,82.451
4637,1299.2100000000003,88.639
4638,1299.3624000000002,86.782
4639,1299.5148000000002,84.431
4640,1299.6672,88.02
4641,1299.8196,89.01
4642,1299.972,79.728
4643,1300.1244,64.25
4644,1300.2768000000003,58.125
4645,1300.4292000000003,66.73
4646,1300.5816000000002,75.271
4647,1300.7340000000002,78.119
4648,1300.8864,65.35
4649,1301.0388,56.99
4650,1301.1912,57.985
4651,1301.3436,62.717
4652,1301.4960000000003,68.307
4653,1301.6484000000003,73.523
4654,1301.8008000000002,73.148
4655,1301.9532000000002,68.045
4656,1302.1056,62.318
4657,1302.258,55.854
4658,1302.4104,48.224
4659,1302.5628,41.011
4660,1302.7151999999999,37.671
4661,1302.8676000000003,36.798
4662,1303.0200000000002,37.289
4663,1303.1724000000002,39.39
4664,1303.3248,45.884
4665,1303.4772,65.25
4666,1303.6296,93.465
4667,1303.782,123.207
4668,1303.9343999999999,137.573
4669,1304.0868000000003,137.33
4670,1304.2392000000002,134.053
4671,1304.3916000000002,130.534
4672,1304.544,127.621
4673,1304.6964,124.596
4674,1304.8488,116.515
4675,1305.0012,101.757
4676,1305.1535999999999,85.545
4677,1305.3060000000003,80.347
4678,1305.4584000000002,139.362
4679,1305.6108000000002,140.893
4680,1305.7632,139.872
4681,1305.9156,135.388
4682,1306.068,129.806
4683,1306.2204,119.546
4684,1306.3727999999999,106.213
4685,1306.5252000000003,99.654
4686,1306.6776000000002,97.55
4687,1306.8300000000002,105.594
4688,1306.9824,115.884
4689,1307.1348,128.349
4690,1307.2872,127.121
4691,1307.4396,122.071
4692,1307.5919999999999,112.03
4693,1307.7444000000003,100.396
4694,1307.8968000000002,99.282
4695,1308.0492000000002,102.005
4696,1308.2016,103.366
4697,1308.354,103.614
4698,1308.5064,92.104
4699,1308.6588,73.25
4700,1308.8111999999999,54.149
4701,1308.9636000000003,37.38
4702,1309.1160000000002,36.379
4703,1309.2684000000002,53.384
4704,1309.4208,71.25
4705,1309.5732,86.411
4706,1309.7256,92.97
4707,1309.878,97.055
4708,1310.0303999999999,102.623
4709,1310.1828000000003,97.426
4710,1310.3352000000002,74.742
4711,1310.4876000000002,58.107
4712,1310.64,59.972
4713,1310.7924,73.232
4714,1310.9448,93.465
4715,1311.0972,113.704
4716,1311.2495999999999,123.134
4717,1311.4020000000003,115.426
4718,1311.5544000000002,97.921
4719,1311.7068000000002,76.241
4720,1311.8592,51.889
4721,1312.0116,30.351
4722,1312.164,25.714
4723,1312.3164,28.367
4724,1312.4687999999999,32.452
4725,1312.6212000000003,40.613
4726,1312.7736000000002,58.436
4727,1312.9260000000002,73.449
4728,1313.0784,81.934
4729,1313.2308,69.031
4730,1313.3832,54.327
4731,1313.5356,49.651
4732,1313.6879999999999,54.689
4733,1313.8404000000003,60.277
4734,1313.9928000000002,59.653
4735,1314.1452000000002,52.932
4736,1314.2976,46.337
4737,1314.45,43.167
4738,1314.6024,43.896
4739,1314.7548,46.936
4740,1314.9071999999999,50.46
4741,1315.0596000000003,51.184
4742,1315.2120000000002,51.543
4743,1315.3644000000002,48.38
4744,1315.5168,43.399
4745,1315.6692,38.0
4746,1315.8216,37.375
4747,1315.974,40.728
4748,1316.1263999999999,44.854
4749,1316.2788000000003,50.073
4750,1316.4312000000002,51.772
4751,1316.5836000000002,46.796
4752,1316.736,40.364
4753,1316.8884,36.625
4754,1317.0408,42.549
4755,1317.1932,51.529
4756,1317.3455999999999,57.5
4757,1317.4980000000003,50.316
4758,1317.6504000000002,37.5
4759,1317.8028000000002,27.5
4760,1317.9552,23.965
4761,1318.1076,27.248
4762,1318.26,36.25
4763,1318.4124,46.068
4764,1318.5647999999999,54.0
4765,1318.7172000000003,56.999
4766,1318.8696000000002,53.125
4767,1319.0220000000002,47.397
4768,1319.1744,40.708
4769,1319.3268,37.727
4770,1319.4792,36.35
4771,1319.6316,33.854
4772,1319.7839999999999,31.983
4773,1319.9364000000003,30.363
4774,1320.0888000000002,29.491
4775,1320.2412000000002,30.484
4776,1320.3936,33.714
4777,1320.546,38.307
4778,1320.6984,43.216
4779,1320.8508,47.978
4780,1321.0031999999999,52.378
4781,1321.1556000000003,54.608
4782,1321.3080000000002,54.483
4783,1321.4604000000002,55.72
4784,1321.6128,59.308
4785,1321.7652,64.01
4786,1321.9176,64.752
4787,1322.07,62.646
4788,1322.2223999999999,60.041
4789,1322.3748000000003,53.96
4790,1322.5272000000002,47.578
4791,1322.6796000000002,45.986
4792,1322.832,45.372
4793,1322.9844,44.882
4794,1323.1368,50.612
4795,1323.2892,56.291
4796,1323.4415999999999,62.511
4797,1323.5940000000003,65.745
4798,1323.7464000000002,65.745
4799,1323.8988000000002,63.379
4800,1324.0512,59.512
4801,1324.2036,52.399
4802,1324.356,44.617
4803,1324.5084,40.0
4804,1324.6607999999999,40.364
4805,1324.8132000000003,46.188
4806,1324.9656000000002,52.625
4807,1325.1180000000002,53.998
4808,1325.2704,49.096
4809,1325.4228,45.811
4810,1325.5752,45.807
4811,1325.7276,44.83
4812,1325.8799999999999,46.044
4813,1326.0324000000003,49.941
4814,1326.1848000000002,52.134
4815,1326.3372000000002,55.484
4816,1326.4896,62.07
4817,1326.642,68.16
4818,1326.7944,71.519
4819,1326.9468,68.275
4820,1327.0991999999999,51.889
4821,1327.2516000000003,36.798
4822,1327.4040000000002,29.483
4823,1327.5564000000002,35.55
4824,1327.7088,46.252
4825,1327.8612,59.183
4826,1328.0136,74.25
4827,1328.166,79.852
4828,1328.3183999999999,81.337
4829,1328.4708000000003,79.233
4830,1328.6232000000002,72.125
4831,1328.7756000000002,63.02
4832,1328.928,57.946
4833,1329.0804,50.417
4834,1329.2328,43.186
4835,1329.3852,36.411
4836,1329.5375999999999,38.144
4837,1329.6900000000003,46.373
4838,1329.8424000000002,64.257
4839,1329.9948000000002,80.223
4840,1330.1472,87.154
4841,1330.2996,82.822
4842,1330.452,78.861
4843,1330.6044,75.375
4844,1330.7567999999999,78.243
4845,1330.9092000000003,84.431
4846,1331.0616000000002,83.812
4847,1331.2140000000002,78.119
4848,1331.3664,73.625
4849,1331.5188,72.25
4850,1331.6712,66.125
4851,1331.8236,51.642
4852,1331.9759999999999,43.554
4853,1332.1284000000003,40.49
4854,1332.2808000000002,41.838
4855,1332.4332000000002,45.515
4856,1332.5856,52.995
4857,1332.738,65.125
4858,1332.8904,71.0
4859,1333.0428,61.411
4860,1333.1951999999999,49.191
4861,1333.3476000000003,41.838
4862,1333.5000000000002,53.738
4863,1333.6524000000002,65.875
4864,1333.8048000000001,76.125
4865,1333.9572,81.584
4866,1334.1096,68.75
4867,1334.262,53.243
4868,1334.4144,42.328
4869,1334.5668000000003,39.257
4870,1334.7192000000002,40.98
4871,1334.8716000000002,40.735
4872,1335.0240000000001,36.163
4873,1335.1764,31.337
4874,1335.3288,35.668
4875,1335.4812,49.191
4876,1335.6336,68.25
4877,1335.7860000000003,88.02
4878,1335.9384000000002,100.25
4879,1336.0908000000002,104.48
4880,1336.2432000000001,93.5
4881,1336.3956,74.375
4882,1336.548,61.287
4883,1336.7004,59.555
4884,1336.8528,64.876
4885,1337.0052000000003,70.124
4886,1337.1576000000002,69.247
4887,1337.3100000000002,63.639
4888,1337.4624000000001,58.441
4889,1337.6148,53.49
4890,1337.7672,53.366
4891,1337.9196,52.132
4892,1338.072,52.132
4893,1338.2244000000003,55.223
4894,1338.3768000000002,55.47
4895,1338.5292000000002,56.46
4896,1338.6816000000001,57.698
4897,1338.834,59.059
4898,1338.9864,59.431
4899,1339.1388,57.203
4900,1339.2912,55.842
4901,1339.4436000000003,58.812
4902,1339.5960000000002,62.154
4903,1339.7484000000002,63.391
4904,1339.9008000000001,60.421
4905,1340.0532,52.868
4906,1340.2056,44.531
4907,1340.358,42.448
4908,1340.5104,47.952
4909,1340.6628000000003,54.823
4910,1340.8152000000002,58.406
4911,1340.9676000000002,57.657
4912,1341.1200000000001,57.651
4913,1341.2724,59.501
4914,1341.4248,60.98
4915,1341.5772,60.974
4916,1341.7296,56.265
4917,1341.8820000000003,45.481
4918,1342.0344000000002,33.936
4919,1342.1868000000002,28.985
4920,1342.3392000000001,25.48
4921,1342.4916,24.091
4922,1342.644,25.227
4923,1342.7964,26.364
4924,1342.9488,27.624
4925,1343.1012000000003,30.223
4926,1343.2536000000002,35.545
4927,1343.4060000000002,42.306
4928,1343.5584000000001,50.437
4929,1343.7108,56.089
4930,1343.8632,46.918
4931,1344.0156,36.782
4932,1344.168,33.317
4933,1344.3204000000003,31.832
4934,1344.4728000000002,38.639
4935,1344.6252000000002,49.345
4936,1344.7776000000001,56.584
4937,1344.93,68.375
4938,1345.0824,70.75
4939,1345.2348,70.125
4940,1345.3872,67.875
4941,1345.5396000000003,68.0
4942,1345.6920000000002,72.625
4943,1345.8444000000002,75.25
4944,1345.9968000000001,74.375
4945,1346.1492,77.871
4946,1346.3016,81.089
4947,1346.454,82.327
4948,1346.6064,82.822
4949,1346.7588000000003,77.624
4950,1346.9112000000002,72.875
4951,1347.0636000000002,68.5
4952,1347.2160000000001,61.535
4953,1347.3684,53.614
4954,1347.5208,58.193
4955,1347.6732,67.0
4956,1347.8256,72.875
4957,1347.9780000000003,77.871
4958,1348.1304000000002,80.594
4959,1348.2828000000002,79.852
4960,1348.4352000000001,73.25
4961,1348.5876,59.059
4962,1348.74,50.297
4963,1348.8924,50.786
4964,1349.0448,60.173
4965,1349.1972000000003,67.25
4966,1349.3496000000002,67.375
4967,1349.5020000000002,70.875
4968,1349.6544000000001,79.109
4969,1349.8068,85.297
4970,1349.9592,91.485
4971,1350.1116,91.238
4972,1350.264,83.317
4973,1350.4164000000003,68.5
4974,1350.5688000000002,55.47
4975,1350.7212000000002,51.765
4976,1350.8736000000001,56.213
4977,1351.026,62.03
4978,1351.1784,63.639
4979,1351.3308,58.812
4980,1351.4832,49.804
4981,1351.6356000000003,40.123
4982,1351.7880000000002,34.183
4983,1351.9404000000002,32.327
4984,1352.0928000000001,32.079
4985,1352.2452,31.829
4986,1352.3976,33.559
4987,1352.55,40.612
4988,1352.7024,57.437
4989,1352.8548000000003,72.608
4990,1353.0072000000002,77.961
4991,1353.1596000000002,78.945
4992,1353.3120000000001,74.838
4993,1353.4644,68.734
4994,1353.6168,65.249
4995,1353.7692,62.885
4996,1353.9216,63.382
4997,1354.0740000000003,61.139
4998,1354.2264000000002,57.275
4999,1354.3788000000002,54.778
5000,1354.5312000000001,53.401
5001,1354.6836,51.549
5002,1354.836,50.449
5003,1354.9884,52.884
5004,1355.1408,59.626
5005,1355.2932000000003,65.124
5006,1355.4456000000002,68.342
5007,1355.5980000000002,69.703
5008,1355.7504000000001,65.99
5009,1355.9028,59.875
5010,1356.0552,53.75
5011,1356.2076,50.073
5012,1356.36,48.131
5013,1356.5124000000003,45.583
5014,1356.6648000000002,41.456
5015,1356.8172000000002,40.485
5016,1356.9696000000001,40.243
5017,1357.122,34.5
5018,1357.2744,30.125
5019,1357.4268,32.25
5020,1357.5792,41.092
5021,1357.7316000000003,62.875
5022,1357.8840000000002,79.975
5023,1358.0364000000002,95.697
5024,1358.1888000000001,97.427
5025,1358.3412,95.693
5026,1358.4936,91.238
5027,1358.646,83.936
5028,1358.7984,77.005
5029,1358.9508000000003,76.139
5030,1359.1032000000002,83.193
5031,1359.2556000000002,90.248
5032,1359.4080000000001,92.723
5033,1359.5604,89.876
5034,1359.7128,83.317
5035,1359.8652,68.094
5036,1360.0176,50.558
5037,1360.1700000000003,36.25
5038,1360.3224000000002,37.625
5039,1360.4748000000002,48.131
5040,1360.6272000000001,59.75
5041,1360.7796,76.015
5042,1360.932,81.213
5043,1361.0844,79.233
5044,1361.2368,73.787
5045,1361.3892000000003,70.817
5046,1361.5416000000002,70.446
5047,1361.6940000000002,71.807
5048,1361.8464000000001,74.158
5049,1361.9988,73.911
5050,1362.1512,75.644
5051,1362.3036,79.604
5052,1362.456,88.762
5053,1362.6084000000003,97.55
5054,1362.7608000000002,97.673
5055,1362.9132000000002,96.188
5056,1363.0656000000001,94.332
5057,1363.218,96.312
5058,1363.3704,95.569
5059,1363.5228,94.332
5060,1363.6752,97.673
5061,1363.8276000000003,99.406
5062,1363.9800000000002,99.901
5063,1364.1324000000002,100.149
5064,1364.2848000000001,95.693
5065,1364.4372,88.762
5066,1364.5896,83.069
5067,1364.742,87.896
5068,1364.8944,100.625
5069,1365.0468000000003,101.855
5070,1365.1992000000002,98.023
5071,1365.3516000000002,91.357
5072,1365.5040000000001,80.47
5073,1365.6564,64.125
5074,1365.8088,66.98
5075,1365.9612,79.233
5076,1366.1136,92.584
5077,1366.2660000000003,101.931
5078,1366.4184000000002,104.391
5079,1366.5708000000002,105.002
5080,1366.7232000000001,106.973
5081,1366.8756,103.757
5082,1367.028,97.485
5083,1367.1804,95.641
5084,1367.3328,97.232
5085,1367.4852000000003,98.211
5086,1367.6376000000002,94.167
5087,1367.7900000000002,95.637
5088,1367.9424000000001,97.721
5089,1368.0948,99.436
5090,1368.2472,99.559
5091,1368.3996,91.593
5092,1368.552,79.975
5093,1368.7044000000003,67.308
5094,1368.8568000000002,59.094
5095,1369.0092000000002,56.479
5096,1369.1616000000001,54.986
5097,1369.314,51.401
5098,1369.4664,50.79
5099,1369.6188,51.889
5100,1369.7712,51.033
5101,1369.9236000000003,50.665
5102,1370.0760000000002,49.073
5103,1370.2284000000002,46.744
5104,1370.3808000000001,48.824
5105,1370.5332,47.963
5106,1370.6856,48.572
5107,1370.838,45.141
5108,1370.9904,40.245
5109,1371.1428000000003,42.079
5110,1371.2952000000002,45.744
5111,1371.4476000000002,52.956
5112,1371.6000000000001,59.161
5113,1371.7524,60.65
5114,1371.9048,50.978
5115,1372.0572,42.316
5116,1372.2096,43.778
5117,1372.3620000000003,49.378
5118,1372.5144000000003,50.835
5119,1372.6668000000002,49.491
5120,1372.8192000000001,48.27
5121,1372.9716,46.321
5122,1373.124,46.075
5123,1373.2764,48.258
5124,1373.4288,51.046
5125,1373.5812000000003,53.5
5126,1373.7336000000003,56.75
5127,1373.8860000000002,57.5
5128,1374.0384000000001,56.25
5129,1374.1908,51.044
5130,1374.3432,45.947
5131,1374.4956,37.125
5132,1374.648,38.875
5133,1374.8004000000003,46.189
5134,1374.9528000000003,48.01
5135,1375.1052000000002,48.981
5136,1375.2576000000001,47.646
5137,1375.41,45.947
5138,1375.5624,44.126
5139,1375.7148,42.063
5140,1375.8672,39.625
5141,1376.0196000000003,39.25
5142,1376.1720000000003,40.607
5143,1376.3244000000002,43.641
5144,1376.4768000000001,46.189
5145,1376.6292,44.731
5146,1376.7816,45.577
5147,1376.934,50.799
5148,1377.0864,53.249
5149,1377.2388000000003,50.554
5150,1377.3912000000003,43.373
5151,1377.5436000000002,38.838
5152,1377.6960000000001,41.781
5153,1377.8484,46.041
5154,1378.0008,48.964
5155,1378.1532,51.646
5156,1378.3056,53.867
5157,1378.4580000000003,58.711
5158,1378.6104000000003,66.165
5159,1378.7628000000002,67.784
5160,1378.9152000000001,67.153
5161,1379.0676,66.647
5162,1379.22,65.016
5163,1379.3724,66.759
5164,1379.5248,68.753
5165,1379.6772000000003,66.75
5166,1379.8296000000003,63.639
5167,1379.9820000000002,59.926
5168,1380.1344000000001,55.965
5169,1380.2868,48.578
5170,1380.4392,42.574
5171,1380.5916,39.505
5172,1380.744,41.348
5173,1380.8964000000003,44.044
5174,1381.0488000000003,46.495
5175,1381.2012000000002,53.614
5176,1381.3536000000001,58.812
5177,1381.506,55.594
5178,1381.6584,48.333
5179,1381.8108,37.772
5180,1381.9632,33.936
5181,1382.1156000000003,32.327
5182,1382.2680000000003,32.451
5183,1382.4204000000002,32.946
5184,1382.5728000000001,34.802
5185,1382.7252,37.525
5186,1382.8776,42.696
5187,1383.03,46.863
5188,1383.1824,51.52
5189,1383.3348000000003,59.926
5190,1383.4872000000003,69.862
5191,1383.6396000000002,80.801
5192,1383.7920000000001,89.458
5193,1383.9444,95.64
5194,1384.0968,101.079
5195,1384.2492,101.692
5196,1384.4016,92.775
5197,1384.5540000000003,82.62
5198,1384.7064000000003,84.099
5199,1384.8588000000002,93.375
5200,1385.0112000000001,95.226
5201,1385.1636,85.566
5202,1385.316,73.798
5203,1385.4684,67.725
5204,1385.6208,65.371
5205,1385.7732000000003,63.635
5206,1385.9256000000003,62.639
5207,1386.0780000000002,61.642
5208,1386.2304000000001,59.904
5209,1386.3828,63.239
5210,1386.5352,66.827
5211,1386.6876,70.299
5212,1386.84,72.158
5213,1386.9924000000003,70.664
5214,1387.1448000000003,65.065
5215,1387.2972000000002,58.499
5216,1387.4496000000001,60.844
5217,1387.602,64.303
5218,1387.7544,63.926
5219,1387.9068,56.865
5220,1388.0592,47.662
5221,1388.2116000000003,44.133
5222,1388.3640000000003,46.318
5223,1388.5164000000002,48.744
5224,1388.6688000000001,50.682
5225,1388.8212,53.243
5226,1388.9736,58.688
5227,1389.126,62.525
5228,1389.2784,59.802
5229,1389.4308000000003,53.738
5230,1389.5832000000003,50.188
5231,1389.7356000000002,49.7
5232,1389.8880000000001,46.532
5233,1390.0404,39.081
5234,1390.1928,35.485
5235,1390.3452,38.697
5236,1390.4976,40.418
5237,1390.6500000000003,40.778
5238,1390.8024000000003,38.678
5239,1390.9548000000002,37.93
5240,1391.1072000000001,39.532
5241,1391.2596,41.367
5242,1391.412,42.219
5243,1391.5644,39.637
5244,1391.7168,40.371
5245,1391.8692000000003,42.571
5246,1392.0216000000003,41.952
5247,1392.1740000000002,40.72
5248,1392.3264000000001,47.086
5249,1392.4788,62.62
5250,1392.6312,77.34
5251,1392.7836,88.97
5252,1392.936,95.399
5253,1393.0884000000003,96.507
5254,1393.2408000000003,96.006
5255,1393.3932000000002,98.722
5256,1393.5456000000001,100.077
5257,1393.698,96.73
5258,1393.8504,91.03
5259,1394.0028,87.682
5260,1394.1552,87.181
5261,1394.3076000000003,84.329
5262,1394.4600000000003,78.753
5263,1394.6124000000002,78.376
5264,1394.7648000000002,82.082
5265,1394.9172,81.955
5266,1395.0696,81.832
5267,1395.222,83.812
5268,1395.3744,85.916
5269,1395.5268000000003,84.555
5270,1395.6792000000003,72.375
5271,1395.8316000000002,58.916
5272,1395.9840000000002,51.111
5273,1396.1364,44.881
5274,1396.2888,38.383
5275,1396.4412,34.899
5276,1396.5936,31.536
5277,1396.7460000000003,27.92
5278,1396.8984000000003,27.914
5279,1397.0508000000002,27.282
5280,1397.2032000000002,26.265
5281,1397.3556,26.385
5282,1397.508,24.106
5283,1397.6604,21.196
5284,1397.8128,19.295
5285,1397.9652000000003,20.048
5286,1398.1176000000003,22.572
5287,1398.2700000000002,26.741
5288,1398.4224000000002,28.623
5289,1398.5748,30.743
5290,1398.7272,33.234
5291,1398.8796,31.113
5292,1399.032,30.24
5293,1399.1844000000003,31.732
5294,1399.3368000000003,35.711
5295,1399.4892000000002,44.693
5296,1399.6416000000002,54.737
5297,1399.794,57.593
5298,1399.9464,52.011
5299,1400.0988,43.456
5300,1400.2512,34.694
5301,1400.4036000000003,26.609
5302,1400.5560000000003,27.624
5303,1400.7084000000002,26.99
5304,1400.8608000000002,30.842
5305,1401.0132,36.906
5306,1401.1656,40.858
5307,1401.318,40.98
5308,1401.4704,38.762
5309,1401.6228000000003,36.04
5310,1401.7752000000003,32.327
5311,1401.9276000000002,29.48
5312,1402.0800000000002,31.213
5313,1402.2324,36.535
5314,1402.3848,41.716
5315,1402.5372,38.639
5316,1402.6896,38.144
5317,1402.8420000000003,39.257
5318,1402.9944000000003,35.173
5319,1403.1468000000002,23.929
5320,1403.2992000000002,24.821
5321,1403.4516,29.48
5322,1403.604,34.307
5323,1403.7564,40.613
5324,1403.9088,43.431
5325,1404.0612000000003,41.103
5326,1404.2136000000003,37.154
5327,1404.3660000000002,34.802
5328,1404.5184000000002,37.154
5329,1404.6708,44.289
5330,1404.8232,48.088
5331,1404.9756,48.824
5332,1405.128,47.966
5333,1405.2804000000003,45.76
5334,1405.4328000000003,42.451
5335,1405.5852000000002,38.144
5336,1405.7376000000002,36.906
5337,1405.89,39.257
5338,1406.0424,47.598
5339,1406.1948,55.347
5340,1406.3472,57.079
5341,1406.4995999999999,56.337
5342,1406.6520000000003,55.965
5343,1406.8044000000002,52.378
5344,1406.9568000000002,39.876
5345,1407.1092,30.099
5346,1407.2616,26.99
5347,1407.414,26.097
5348,1407.5664,28.614
5349,1407.7187999999999,31.213
5350,1407.8712000000003,32.327
5351,1408.0236000000002,32.451
5352,1408.1760000000002,31.213
5353,1408.3284,31.46
5354,1408.4808,32.574
5355,1408.6332,35.173
5356,1408.7856,37.525
5357,1408.9379999999999,37.772
5358,1409.0904000000003,36.04
5359,1409.2428000000002,35.05
5360,1409.3952000000002,35.545
5361,1409.5476,36.04
5362,1409.7,39.876
5363,1409.8524,42.819
5364,1410.0048,41.103
5365,1410.1571999999999,34.555
5366,1410.3096000000003,31.213
5367,1410.4620000000002,31.708
5368,1410.6144000000002,32.698
5369,1410.7668,36.535
5370,1410.9192,41.716
5371,1411.0716,44.902
5372,1411.224,44.289
5373,1411.3763999999999,43.799
5374,1411.5288000000003,46.985
5375,1411.6812000000002,47.23
5376,1411.8336000000002,45.882
5377,1411.986,44.657
5378,1412.1384,46.25
5379,1412.2908,50.907
5380,1412.4432,54.728
5381,1412.5955999999999,56.213
5382,1412.7480000000003,54.604
5383,1412.9004000000002,50.294
5384,1413.0528000000002,46.495
5385,1413.2052,42.941
5386,1413.3576,44.412
5387,1413.51,45.637
5388,1413.6624,46.863
5389,1413.8147999999999,51.152
5390,1413.9672000000003,52.871
5391,1414.1196000000002,54.233
5392,1414.2720000000002,55.223
5393,1414.4244,55.223
5394,1414.5768,53.738
5395,1414.7292,50.784
5396,1414.8816,49.436
5397,1415.0339999999999,50.172
5398,1415.1864000000003,53.243
5399,1415.3388000000002,55.223
5400,1415.4912000000002,53.49
5401,1415.6436,51.52
5402,1415.796,49.436
5403,1415.9484,50.172
5404,1416.1008,56.089
5405,1416.2531999999999,62.772
5406,1416.4056000000003,68.5
5407,1416.5580000000002,65.25
5408,1416.7104000000002,62.03
5409,1416.8628,58.441
5410,1417.0152,60.173
5411,1417.1676,65.625
5412,1417.32,71.0
5413,1417.4723999999999,76.5
5414,1417.6248000000003,79.356
5415,1417.7772000000002,76.25
5416,1417.9296000000002,65.875
5417,1418.082,54.48
5418,1418.2344,47.966
5419,1418.3868,51.275
5420,1418.5392,61.658
5421,1418.6915999999999,68.25
5422,1418.8440000000003,68.75
5423,1418.9964000000002,64.381
5424,1419.1488000000002,58.688
5425,1419.3012,52.5
5426,1419.4536,55.842
5427,1419.606,65.875
5428,1419.7584,77.871
5429,1419.9107999999999,86.535
5430,1420.0632000000003,81.955
5431,1420.2156000000002,71.625
5432,1420.3680000000002,64.257
5433,1420.5204,59.802
5434,1420.6728,56.337
5435,1420.8252,56.337
5436,1420.9776,58.688
5437,1421.1299999999999,60.545
5438,1421.2824000000003,60.545
5439,1421.4348000000002,60.545
5440,1421.5872000000002,63.762
5441,1421.7396,64.01
5442,1421.892,57.451
5443,1422.0444,44.289
5444,1422.1968,32.451
5445,1422.3491999999999,29.233
5446,1422.5016000000003,27.624
5447,1422.6540000000002,30.842
5448,1422.8064000000002,36.658
5449,1422.9588,42.941
5450,1423.1112,44.289
5451,1423.2636,42.206
5452,1423.416,41.348
5453,1423.5683999999999,39.134
5454,1423.7208000000003,38.391
5455,1423.8732000000002,40.98
5456,1424.0256000000002,43.431
5457,1424.178,45.882
5458,1424.3304,46.618
5459,1424.4828,44.412
5460,1424.6352,44.534
5461,1424.7875999999999,48.333
5462,1424.9400000000003,52.255
5463,1425.0924000000002,56.089
5464,1425.2448000000002,60.05
5465,1425.3972,59.926
5466,1425.5496,60.297
5467,1425.702,62.649
5468,1425.8544,62.525
5469,1426.0067999999999,60.916
5470,1426.1592000000003,61.163
5471,1426.3116000000002,62.649
5472,1426.4640000000002,62.772
5473,1426.6164,65.25
5474,1426.7688,67.625
5475,1426.9212,62.277
5476,1427.0736,60.173
5477,1427.2259999999999,62.277
5478,1427.3784000000003,70.625
5479,1427.5308000000002,75.625
5480,1427.6832000000002,74.125
5481,1427.8356,70.875
5482,1427.988,64.876
5483,1428.1404,60.545
5484,1428.2928,57.574
5485,1428.4451999999999,60.545
5486,1428.5976000000003,69.375
5487,1428.7500000000002,74.875
5488,1428.9024000000002,73.625
5489,1429.0548000000001,70.5
5490,1429.2072,65.25
5491,1429.3596,58.193
5492,1429.512,46.985
5493,1429.6644,36.906
5494,1429.8168000000003,29.975
5495,1429.9692000000002,31.584
5496,1430.1216000000002,38.144
5497,1430.2740000000001,48.701
5498,1430.4264,58.936
5499,1430.5788,69.875
5500,1430.7312,74.875
5501,1430.8836,75.625
5502,1431.0360000000003,77.748
5503,1431.1884000000002,79.852
5504,1431.3408000000002,81.213
5505,1431.4932000000001,82.079
5506,1431.6456,80.594
5507,1431.798,79.975
5508,1431.9504,79.728
5509,1432.1028,80.47
5510,1432.2552000000003,81.584
5511,1432.4076000000002,83.317
5512,1432.5600000000002,82.079
5513,1432.7124000000001,74.0
5514,1432.8648,59.926
5515,1433.0172,43.677
5516,1433.1696,33.564
5517,1433.322,27.871
5518,1433.4744000000003,26.097
5519,1433.6268000000002,30.47
5520,1433.7792000000002,40.49
5521,1433.9316000000001,50.417
5522,1434.084,59.431
5523,1434.2364,67.625
5524,1434.3888,73.375
5525,1434.5412,78.366
5526,1434.6936000000003,79.975
5527,1434.8460000000002,75.25
5528,1434.9984000000002,66.125
5529,1435.1508000000001,55.099
5530,1435.3032,59.059
5531,1435.4556,70.5
5532,1435.608,76.625
5533,1435.7604,71.0
5534,1435.9128000000003,65.125
5535,1436.0652000000002,61.782
5536,1436.2176000000002,61.535
5537,1436.3700000000001,62.896
5538,1436.5224,65.875
5539,1436.6748,64.381
5540,1436.8272,57.698
5541,1436.9796,54.109
5542,1437.1320000000003,56.213
5543,1437.2844000000002,54.604
5544,1437.4368000000002,57.203
5545,1437.5892000000001,73.0
5546,1437.7416,81.46
5547,1437.894,88.144
5548,1438.0464,93.1
5549,1438.1988,94.962
5550,1438.3512000000003,88.515
5551,1438.5036000000002,83.688
5552,1438.6560000000002,81.213
5553,1438.8084000000001,83.441
5554,1438.9608,87.401
5555,1439.1132,89.01
5556,1439.2656,85.792
5557,1439.418,80.842
5558,1439.5704000000003,79.852
5559,1439.7228000000002,71.875
5560,1439.8752000000002,55.47
5561,1440.0276000000001,44.657
5562,1440.18,44.902
5563,1440.3324,46.985
5564,1440.4848,52.871
5565,1440.6372,58.441
5566,1440.7896000000003,59.926
5567,1440.9420000000002,57.451
5568,1441.0944000000002,55.718
5569,1441.2468000000001,54.604
5570,1441.3992,53.243
5571,1441.5516,56.832
5572,1441.704,62.277
5573,1441.8564,60.545
5574,1442.0088000000003,56.089
5575,1442.1612000000002,54.975
5576,1442.3136000000002,58.441
5577,1442.4660000000001,62.277
5578,1442.6184,65.375
5579,1442.7708,65.875
5580,1442.9232,62.277
5581,1443.0756,53.738
5582,1443.2280000000003,47.598
5583,1443.3804000000002,50.539
5584,1443.5328000000002,53.985
5585,1443.6852000000001,58.071
5586,1443.8376,56.587
5587,1443.99,51.766
5588,1444.1424,51.032
5589,1444.2948,53.989
5590,1444.4472000000003,55.727
5591,1444.5996000000002,56.101
5592,1444.7520000000002,58.215
5593,1444.9044000000001,61.325
5594,1445.0568,65.308
5595,1445.2092,69.169
5596,1445.3616,67.93
5597,1445.514,58.478
5598,1445.6664000000003,50.309
5599,1445.8188000000002,43.495
5600,1445.9712000000002,47.635
5601,1446.1236000000001,55.869
5602,1446.276,65.481
5603,1446.4284,72.67
5604,1446.5808,76.138
5605,1446.7332,66.361
5606,1446.8856000000003,59.504
5607,1447.0380000000002,57.385
5608,1447.1904000000002,57.139
5609,1447.3428000000001,53.402
5610,1447.4952,49.005
5611,1447.6476,49.009
5612,1447.8,49.988
5613,1447.9524,49.627
5614,1448.1048000000003,47.803
5615,1448.2572000000002,49.393
5616,1448.4096000000002,53.069
5617,1448.5620000000001,56.553
5618,1448.7144,56.681
5619,1448.8668,62.518
5620,1449.0192,72.673
5621,1449.1716,74.777
5622,1449.3240000000003,75.396
5623,1449.4764000000002,73.787
5624,1449.6288000000002,67.475
5625,1449.7812000000001,54.48
5626,1449.9336,41.593
5627,1450.086,41.226
5628,1450.2384,44.779
5629,1450.3908,47.966
5630,1450.5432000000003,52.01
5631,1450.6956000000002,57.451
5632,1450.8480000000002,59.183
5633,1451.0004000000001,59.926
5634,1451.1528,63.639
5635,1451.3052,67.352
5636,1451.4576,72.673
5637,1451.61,76.634
5638,1451.7624000000003,78.861
5639,1451.9148000000002,75.272
5640,1452.0672000000002,70.074
5641,1452.2196000000001,68.342
5642,1452.372,65.371
5643,1452.5244,60.05
5644,1452.6768,54.728
5645,1452.8292,49.315
5646,1452.9816000000003,45.52
5647,1453.1340000000002,43.076
5648,1453.2864000000002,41.001
5649,1453.4388000000001,41.006
5650,1453.5912,42.601
5651,1453.7436,44.193
5652,1453.896,45.54
5653,1454.0484,46.642
5654,1454.2008000000003,45.791
5655,1454.3532000000002,45.916
5656,1454.5056000000002,45.432
5657,1454.6580000000001,45.557
5658,1454.8104,46.535
5659,1454.9628,47.876
5660,1455.1152,50.068
5661,1455.2676,50.312
5662,1455.4200000000003,49.22
5663,1455.5724000000002,48.492
5664,1455.7248000000002,46.795
5665,1455.8772000000001,45.218
5666,1456.0296,44.49
5667,1456.182,45.34
5668,1456.3344,46.553
5669,1456.4868,47.282
5670,1456.6392000000003,47.646
5671,1456.7916000000002,46.432
5672,1456.9440000000002,44.733
5673,1457.0964000000001,43.155
5674,1457.2488,41.456
5675,1457.4012,40.728
5676,1457.5536,40.243
5677,1457.706,40.243
5678,1457.8584000000003,41.335
5679,1458.0108000000002,44.005
5680,1458.1632000000002,50.316
5681,1458.3156000000001,55.75
5682,1458.468,60.25
5683,1458.6204,63.125
5684,1458.7728,63.25
5685,1458.9252,61.126
5686,1459.0776000000003,58.88
5687,1459.2300000000002,58.134
5688,1459.3824000000002,61.631
5689,1459.5348000000001,69.79
5690,1459.6872,68.564
5691,1459.8396,65.984
5692,1459.992,62.26
5693,1460.1444,57.781
5694,1460.2968000000003,55.794
5695,1460.4492000000002,52.939
5696,1460.6016000000002,52.204
5697,1460.7540000000001,56.18
5698,1460.9064,59.165
5699,1461.0588,53.087
5700,1461.2112,49.416
5701,1461.3636,50.032
5702,1461.5160000000003,53.724
5703,1461.6684000000002,59.179
5704,1461.8208000000002,65.0
5705,1461.9732000000001,68.958
5706,1462.1256,71.431
5707,1462.278,72.172
5708,1462.4304,69.441
5709,1462.5828,64.848
5710,1462.7352000000003,59.891
5711,1462.8876000000002,58.029
5712,1463.0400000000002,57.651
5713,1463.1924000000001,55.417
5714,1463.3448,50.246
5715,1463.4972,45.73
5716,1463.6496,42.437
5717,1463.802,42.801
5718,1463.9544000000003,44.504
5719,1464.1068000000002,52.658
5720,1464.2592000000002,64.409
5721,1464.4116000000001,74.256
5722,1464.564,78.614
5723,1464.7164,82.327
5724,1464.8688,85.792
5725,1465.0212,87.649
5726,1465.1736000000003,86.287
5727,1465.3260000000002,83.564
5728,1465.4784000000002,77.871
5729,1465.6308000000001,70.75
5730,1465.7832,69.125
5731,1465.9356,71.5
5732,1466.088,70.25
5733,1466.2404,68.625
5734,1466.3928000000003,71.875
5735,1466.5452000000002,80.347
5736,1466.6976000000002,85.545
5737,1466.8500000000001,87.401
5738,1467.0024,90.371
5739,1467.1548,92.97
5740,1467.3072,86.658
5741,1467.4596,79.852
5742,1467.6120000000003,72.375
5743,1467.7644000000003,65.125
5744,1467.9168000000002,60.297
5745,1468.0692000000001,58.193
5746,1468.2216,65.875
5747,1468.374,72.875
5748,1468.5264,78.985
5749,1468.6788,87.896
5750,1468.8312000000003,95.446
5751,1468.9836000000003,98.045
5752,1469.1360000000002,95.941
5753,1469.2884000000001,93.342
5754,1469.4408,96.436
5755,1469.5932,96.312
5756,1469.7456,91.609
5757,1469.898,86.535
5758,1470.0504000000003,83.069
5759,1470.2028000000003,83.441
5760,1470.3552000000002,82.327
5761,1470.5076000000001,78.119
5762,1470.66,73.5
5763,1470.8124,68.0
5764,1470.9648,73.25
5765,1471.1172,78.614
5766,1471.2696000000003,74.125
5767,1471.4220000000003,68.25
5768,1471.5744000000002,65.25
5769,1471.7268000000001,64.381
5770,1471.8792,75.125
5771,1472.0316,85.916
5772,1472.184,79.233
5773,1472.3364,71.5
5774,1472.4888000000003,68.25
5775,1472.6412000000003,68.0
5776,1472.7936000000002,67.5
5777,1472.9460000000001,68.75
5778,1473.0984,70.125
5779,1473.2508,71.875
5780,1473.4032,69.875
5781,1473.5556,65.75
5782,1473.7080000000003,62.525
5783,1473.8604000000003,60.173
5784,1474.0128000000002,61.163
5785,1474.1652000000001,60.792
5786,1474.3176,56.089
5787,1474.47,57.079
5788,1474.6224,64.257
5789,1474.7748,71.236
5790,1474.9272000000003,76.842
5791,1475.0796000000003,79.069
5792,1475.2320000000002,78.196
5793,1475.3844000000001,81.779
5794,1475.5368,76.446
5795,1475.6892,68.482
5796,1475.8416,64.134
5797,1475.994,63.639
5798,1476.1464000000003,60.545
5799,1476.2988000000003,56.337
5800,1476.4512000000002,50.922
5801,1476.6036000000001,46.311
5802,1476.756,42.549
5803,1476.9084,43.398
5804,1477.0608,54.975
5805,1477.2132,68.716
5806,1477.3656000000003,77.995
5807,1477.5180000000003,83.069
5808,1477.6704000000002,81.955
5809,1477.8228000000001,76.389
5810,1477.9752,70.835
5811,1478.1276,69.852
5812,1478.28,67.513
5813,1478.4324,68.257
5814,1478.5848000000003,70.356
5815,1478.7372000000003,69.251
5816,1478.8896000000002,67.532
5817,1479.0420000000001,67.168
5818,1479.1944,65.575
5819,1479.3468,65.212
5820,1479.4992,69.885
5821,1479.6516,73.449
5822,1479.8040000000003,73.206
5823,1479.9564000000003,74.312
5824,1480.1088000000002,77.748
5825,1480.2612000000001,81.709
5826,1480.4136,79.605
5827,1480.566,70.025
5828,1480.7184,64.505
5829,1480.8708,61.658
5830,1481.0232000000003,63.267
5831,1481.1756000000003,70.025
5832,1481.3280000000002,76.765
5833,1481.4804000000001,83.466
5834,1481.6328,90.93
5835,1481.7852,90.314
5836,1481.9376,89.076
5837,1482.09,88.833
5838,1482.2424000000003,82.235
5839,1482.3948000000003,78.248
5840,1482.5472000000002,79.121
5841,1482.6996000000001,81.992
5842,1482.852,76.397
5843,1483.0044,71.25
5844,1483.1568,69.534
5845,1483.3092,73.95
5846,1483.4616000000003,76.284
5847,1483.6140000000003,74.575
5848,1483.7664000000002,72.007
5849,1483.9188000000001,70.91
5850,1484.0712,72.142
5851,1484.2236,76.805
5852,1484.376,82.922
5853,1484.5284,89.678
5854,1484.6808000000003,89.059
5855,1484.8332000000003,86.441
5856,1484.9856000000002,84.697
5857,1485.1380000000001,83.828
5858,1485.2904,81.584
5859,1485.4428,85.591
5860,1485.5952,90.22
5861,1485.7476,89.978
5862,1485.9000000000003,86.359
5863,1486.0524000000003,81.991
5864,1486.2048000000002,79.122
5865,1486.3572000000001,86.625
5866,1486.5096,96.812
5867,1486.662,99.665
5868,1486.8144,96.695
5869,1486.9668,94.217
5870,1487.1192000000003,91.117
5871,1487.2716000000003,88.125
5872,1487.4240000000002,89.625
5873,1487.5764000000001,90.373
5874,1487.7288,85.125
5875,1487.8812,76.029
5876,1488.0336,68.676
5877,1488.186,63.886
5878,1488.3384000000003,65.0
5879,1488.4908000000003,70.392
5880,1488.6432000000002,77.255
5881,1488.7956000000001,74.436
5882,1488.948,65.245
5883,1489.1004,55.965
5884,1489.2528,52.5
5885,1489.4052,56.955
5886,1489.5576000000003,66.84
5887,1489.7100000000003,77.025
5888,1489.8624000000002,82.397
5889,1490.0148000000002,83.404
5890,1490.1672,83.035
5891,1490.3196,81.541
5892,1490.472,88.047
5893,1490.6244,95.554
5894,1490.7768000000003,92.56
5895,1490.9292000000003,91.441
5896,1491.0816000000002,91.072
5897,1491.2340000000002,89.703
5898,1491.3864,91.085
5899,1491.5388,90.216
5900,1491.6912,87.972
5901,1491.8436,85.978
5902,1491.9960000000003,84.985
5903,1492.1484000000003,86.741
5904,1492.3008000000002,90.247
5905,1492.4532000000002,89.003
5906,1492.6056,79.884
5907,1492.758,69.223
5908,1492.9104,62.794
5909,1493.0628,69.36
5910,1493.2152000000003,80.66
5911,1493.3676000000003,88.541
5912,1493.5200000000002,89.797
5913,1493.6724000000002,86.303
5914,1493.8248,83.435
5915,1493.9772,81.441
5916,1494.1296,87.822
5917,1494.282,90.704
5918,1494.4344000000003,93.335
5919,1494.5868000000003,102.714
5920,1494.7392000000002,104.081
5921,1494.8916000000002,100.979
5922,1495.044,96.485
5923,1495.1964,90.241
5924,1495.3488,87.248
5925,1495.5012,90.247
5926,1495.6536000000003,94.487
5927,1495.8060000000003,96.351
5928,1495.9584000000002,97.964
5929,1496.1108000000002,96.956
5930,1496.2632,96.697
5931,1496.4156,94.569
5932,1496.568,91.323
5933,1496.7204,91.191
5934,1496.8728000000003,91.06
5935,1497.0252000000003,90.183
5936,1497.1776000000002,90.301
5937,1497.3300000000002,90.668
5938,1497.4824,91.033
5939,1497.6348,90.654
5940,1497.7872,90.152
5941,1497.9396,88.897
5942,1498.0920000000003,86.39
5943,1498.2444000000003,86.134
5944,1498.3968000000002,86.753
5945,1498.5492000000002,87.007
5946,1498.7016,84.648
5947,1498.854,82.042
5948,1499.0064,81.684
5949,1499.1588,83.571
5950,1499.3112000000003,82.964
5951,1499.4636000000003,78.869
5952,1499.6160000000002,74.908
5953,1499.7684000000002,70.077
5954,1499.9208,63.875
5955,1500.0732,62.645
5956,1500.2256,69.998
5957,1500.378,77.609
5958,1500.5304000000003,79.862
5959,1500.6828000000003,81.867
5960,1500.8352000000002,87.216
5961,1500.9876000000002,90.58
5962,1501.14,87.739
5963,1501.2924,81.684
5964,1501.4448,76.743
5965,1501.5972,84.806
5966,1501.7496000000003,90.009
5967,1501.9020000000003,85.684
5968,1502.0544000000002,84.082
5969,1502.2068000000002,83.593
5970,1502.3592,85.95
5971,1502.5116,87.565
5972,1502.664,85.468
5973,1502.8164,84.607
5974,1502.9688000000003,84.861
5975,1503.1212000000003,85.857
5976,1503.2736000000002,85.245
5977,1503.4260000000002,84.013
5978,1503.5784,85.381
5979,1503.7308,87.862
5980,1503.8832,86.136
5981,1504.0356,80.325
5982,1504.1880000000003,73.11
5983,1504.3404000000003,74.241
5984,1504.4928000000002,77.992
5985,1504.6452000000002,80.598
5986,1504.7976,83.698
5987,1504.95,85.684
5988,1505.1024,81.111
5989,1505.2548,67.404
5990,1505.4072000000003,54.785
5991,1505.5596000000003,49.74
5992,1505.7120000000002,52.424
5993,1505.8644000000002,54.554
5994,1506.0168,50.851
5995,1506.1692,48.417
5996,1506.3216,47.078
5997,1506.474,47.814
5998,1506.6264000000003,49.895
5999,1506.7788000000003,50.878
6000,1506.9312000000002,50.883
6001,1507.0836000000002,49.054
6002,1507.236,46.12
6003,1507.3884,45.388
6004,1507.5408,47.474
6005,1507.6932,50.172
6006,1507.8456000000003,55.875
6007,1507.9980000000003,62.25
6008,1508.1504000000002,62.25
6009,1508.3028000000002,58.625
6010,1508.4552,51.765
6011,1508.6076,49.559
6012,1508.76,52.255
6013,1508.9124,56.375
6014,1509.0648000000003,60.5
6015,1509.2172000000003,65.5
6016,1509.3696000000002,67.875
6017,1509.5220000000002,65.125
6018,1509.6744,62.5
6019,1509.8268,59.875
6020,1509.9792,59.375
6021,1510.1316,59.375
6022,1510.2840000000003,59.5
6023,1510.4364000000003,59.0
6024,1510.5888000000002,56.75
6025,1510.7412000000002,53.5
6026,1510.8936,54.5
6027,1511.046,58.0
6028,1511.1984,61.125
6029,1511.3508,61.625
6030,1511.5031999999999,58.375
6031,1511.6556000000003,49.559
6032,1511.8080000000002,40.613
6033,1511.9604000000002,39.25
6034,1512.1128,40.858
6035,1512.2652,43.309
6036,1512.4176,42.451
6037,1512.57,38.0
6038,1512.7223999999999,33.375
6039,1512.8748000000003,31.0
6040,1513.0272000000002,33.75
6041,1513.1796000000002,37.75
6042,1513.332,40.858
6043,1513.4844,39.875
6044,1513.6368,37.75
6045,1513.7892,37.629
6046,1513.9415999999999,41.356
6047,1514.0940000000003,46.013
6048,1514.2464000000002,44.059
6049,1514.3988000000002,42.106
6050,1514.5512,38.66
6051,1514.7036,38.041
6052,1514.856,35.797
6053,1515.0084,31.554
6054,1515.1607999999999,28.06
6055,1515.3132000000003,24.761
6056,1515.4656000000002,22.472
6057,1515.6180000000002,29.829
6058,1515.7704,43.369
6059,1515.9228,60.375
6060,1516.0752,80.347
6061,1516.2276,85.297
6062,1516.3799999999999,84.926
6063,1516.5324000000003,84.059
6064,1516.6848000000002,83.688
6065,1516.8372000000002,83.069
6066,1516.9896,81.708
6067,1517.142,70.875
6068,1517.2944,57.125
6069,1517.4468,51.651
6070,1517.5991999999999,53.25
6071,1517.7516000000003,57.875
6072,1517.9040000000002,61.0
6073,1518.0564000000002,60.375
6074,1518.2088,59.875
6075,1518.3612,56.625
6076,1518.5136,55.25
6077,1518.666,58.875
6078,1518.8183999999999,63.25
6079,1518.9708000000003,63.375
6080,1519.1232000000002,59.875
6081,1519.2756000000002,57.125
6082,1519.428,60.25
6083,1519.5804,65.75
6084,1519.7328,75.25
6085,1519.8852,82.825
6086,1520.0375999999999,85.925
6087,1520.1900000000003,87.169
6088,1520.3424000000002,89.032
6089,1520.4948000000002,93.741
6090,1520.6472,98.45
6091,1520.7996,102.541
6092,1520.952,103.543
6093,1521.1044,99.954
6094,1521.2567999999999,93.153
6095,1521.4092000000003,85.362
6096,1521.5616000000002,77.819
6097,1521.7140000000002,72.328
6098,1521.8664,72.209
6099,1522.0188,71.966
6100,1522.1712,73.347
6101,1522.3236,75.853
6102,1522.4759999999999,75.234
6103,1522.6284000000003,73.741
6104,1522.7808000000002,72.247
6105,1522.9332000000002,69.627
6106,1523.0856,71.13
6107,1523.238,78.614
6108,1523.3904,87.896
6109,1523.5428,89.505
6110,1523.6951999999999,81.708
6111,1523.8476000000003,73.762
6112,1524.0000000000002,74.138
6113,1524.1524000000002,76.504
6114,1524.3048000000001,78.861
6115,1524.4572,75.386
6116,1524.6096,68.552
6117,1524.762,62.454
6118,1524.9144,62.835
6119,1525.0668000000003,76.507
6120,1525.2192000000002,84.926
6121,1525.3716000000002,88.886
6122,1525.5240000000001,91.114
6123,1525.6764,88.639
6124,1525.8288,82.451
6125,1525.9812,75.771
6126,1526.1336,77.881
6127,1526.2860000000003,82.838
6128,1526.4384000000002,87.175
6129,1526.5908000000002,84.088
6130,1526.7432000000001,81.247
6131,1526.8956,81.006
6132,1527.048,81.259
6133,1527.2004,77.676
6134,1527.3528,67.658
6135,1527.5052000000003,66.674
6136,1527.6576000000002,78.191
6137,1527.8100000000002,85.375
6138,1527.9624000000001,87.733
6139,1528.1148,88.729
6140,1528.2672,89.477
6141,1528.4196,90.721
6142,1528.572,93.945
6143,1528.7244000000003,93.209
6144,1528.8768000000002,84.18
6145,1529.0292000000002,63.375
6146,1529.1816000000001,43.837
6147,1529.334,30.375
6148,1529.4864,29.375
6149,1529.6388,27.625
6150,1529.7912,26.735
6151,1529.9436000000003,28.75
6152,1530.0960000000002,35.375
6153,1530.2484000000002,46.064
6154,1530.4008000000001,64.875
6155,1530.5532,79.356
6156,1530.7056,87.525
6157,1530.858,86.411
6158,1531.0104,89.876
6159,1531.1628000000003,95.198
6160,1531.3152000000002,100.52
6161,1531.4676000000002,95.817
6162,1531.6200000000001,91.98
6163,1531.7724,88.515
6164,1531.9248,82.079
6165,1532.0772,75.895
6166,1532.2296,77.881
6167,1532.3820000000003,82.095
6168,1532.5344000000002,87.67
6169,1532.6868000000002,90.522
6170,1532.8392000000001,93.367
6171,1532.9916,93.125
6172,1533.144,88.809
6173,1533.2964,85.474
6174,1533.4488,85.604
6175,1533.6012000000003,88.704
6176,1533.7536000000002,92.532
6177,1533.9060000000002,95.858
6178,1534.0584000000001,95.615
6179,1534.2108,92.424
6180,1534.3632,88.364
6181,1534.5156,80.697
6182,1534.668,76.866
6183,1534.8204000000003,78.729
6184,1534.9728000000002,80.839
6185,1535.1252000000002,84.308
6186,1535.2776000000001,89.629
6187,1535.43,92.822
6188,1535.5824,93.437
6189,1535.7348,93.071
6190,1535.8872,89.63
6191,1536.0396000000003,85.929
6192,1536.1920000000002,85.931
6193,1536.3444000000002,87.905
6194,1536.4968000000001,87.167
6195,1536.6492,86.799
6196,1536.8016,87.785
6197,1536.954,86.679
6198,1537.1064,86.312
6199,1537.2588000000003,87.174
6200,1537.4112000000002,88.772
6201,1537.5636000000002,88.281
6202,1537.7160000000001,87.178
6203,1537.8684,86.198
6204,1538.0208,85.22
6205,1538.1732,86.939
6206,1538.3256,88.783
6207,1538.4780000000003,91.128
6208,1538.6304000000002,96.817
6209,1538.7828000000002,105.079
6210,1538.9352000000001,107.415
6211,1539.0876,99.909
6212,1539.24,91.156
6213,1539.3924,85.376
6214,1539.5448,83.41
6215,1539.6972000000003,79.717
6216,1539.8496000000002,80.951
6217,1540.0020000000002,85.392
6218,1540.1544000000001,89.837
6219,1540.3068,92.301
6220,1540.4592,92.675
6221,1540.6116,92.311
6222,1540.764,88.872
6223,1540.9164000000003,85.662
6224,1541.0688000000002,86.161
6225,1541.2212000000002,87.154
6226,1541.3736000000001,83.564
6227,1541.526,83.936
6228,1541.6784,90.98
6229,1541.8308,89.381
6230,1541.9832,86.782
6231,1542.1356000000003,83.069
6232,1542.2880000000002,79.109
6233,1542.4404000000002,77.376
6234,1542.5928000000001,76.51
6235,1542.7452,79.728
6236,1542.8976,80.718
6237,1543.05,84.307
6238,1543.2024,92.819
6239,1543.3548000000003,98.701
6240,1543.5072000000002,96.495
6241,1543.6596000000002,91.226
6242,1543.8120000000001,89.505
6243,1543.9644,89.753
6244,1544.1168,89.01
6245,1544.2692,90.368
6246,1544.4216,88.639
6247,1544.5740000000003,85.545
6248,1544.7264000000002,83.812
6249,1544.8788000000002,85.916
6250,1545.0312000000001,87.401
6251,1545.1836,83.564
6252,1545.336,78.861
6253,1545.4884,81.337
6254,1545.6408,86.287
6255,1545.7932000000003,84.059
6256,1545.9456000000002,81.089
6257,1546.0980000000002,87.154
6258,1546.2504000000001,88.144
6259,1546.4028,86.782
6260,1546.5552,87.649
6261,1546.7076,90.245
6262,1546.86,95.637
6263,1547.0124000000003,103.985
6264,1547.1648000000002,103.738
6265,1547.3172000000002,99.436
6266,1547.4696000000001,95.637
6267,1547.622,93.064
6268,1547.7744,99.804
6269,1547.9268,105.223
6270,1548.0792,108.688
6271,1548.2316000000003,111.535
6272,1548.3840000000002,111.287
6273,1548.5364000000002,109.802
6274,1548.6888000000001,105.594
6275,1548.8412,102.995
6276,1548.9936,101.029
6277,1549.146,97.353
6278,1549.2984,99.191
6279,1549.4508000000003,106.089
6280,1549.6032000000002,107.698
6281,1549.7556000000002,108.564
6282,1549.9080000000001,104.109
6283,1550.0604,95.882
6284,1550.2128,87.649
6285,1550.3652,78.37
6286,1550.5176,75.033
6287,1550.6700000000003,75.038
6288,1550.8224000000002,74.919
6289,1550.9748000000002,76.04
6290,1551.1272000000001,81.114
6291,1551.2796,88.15
6292,1551.432,93.075
6293,1551.5844,90.615
6294,1551.7368,86.428
6295,1551.8892000000003,83.228
6296,1552.0416000000002,84.832
6297,1552.1940000000002,93.083
6298,1552.3464000000001,100.61
6299,1552.4988,97.282
6300,1552.6512,93.828
6301,1552.8036,95.313
6302,1552.956,95.068
6303,1553.1084000000003,91.484
6304,1553.2608000000002,90.495
6305,1553.4132000000002,91.613
6306,1553.5656000000001,91.124
6307,1553.718,93.234
6308,1553.8704,98.438
6309,1554.0228,100.795
6310,1554.1752,97.708
6311,1554.3276000000003,94.991
6312,1554.4800000000002,92.275
6313,1554.6324000000002,94.261
6314,1554.7848000000001,98.351
6315,1554.9372,101.575
6316,1555.0896,99.849
6317,1555.242,96.018
6318,1555.3944,98.128
6319,1555.5468000000003,96.897
6320,1555.6992000000002,99.626
6321,1555.8516000000002,98.271
6322,1556.0040000000001,96.049
6323,1556.1564,98.283
6324,1556.3088,99.774
6325,1556.4612,94.455
6326,1556.6136,90.743
6327,1556.7660000000003,93.713
6328,1556.9184000000002,99.53
6329,1557.0708000000002,105.816
6330,1557.2232000000001,114.788
6331,1557.3756,124.764
6332,1557.528,130.458
6333,1557.6804,126.797
6334,1557.8328,123.394
6335,1557.9852000000003,116.708
6336,1558.1376000000002,106.69
6337,1558.2900000000002,98.168
6338,1558.4424000000001,88.267
6339,1558.5948,84.555
6340,1558.7472,83.564
6341,1558.8996,79.728
6342,1559.052,80.718
6343,1559.2044000000003,89.629
6344,1559.3568000000002,97.426
6345,1559.5092000000002,101.634
6346,1559.6616000000001,101.51
6347,1559.814,98.292
6348,1559.9664,93.96
6349,1560.1188,91.485
6350,1560.2712,95.817
6351,1560.4236000000003,102.872
6352,1560.5760000000002,108.711
6353,1560.7284000000002,116.064
6354,1560.8808000000001,124.53
6355,1561.0332,140.453
6356,1561.1856,143.9
6357,1561.338,144.417
6358,1561.4904,135.592
6359,1561.6428000000003,130.258
6360,1561.7952000000002,123.179
6361,1561.9476000000002,118.766
6362,1562.1000000000001,121.677
6363,1562.2524,116.001
6364,1562.4048,108.124
6365,1562.5572,102.009
6366,1562.7096,105.882
6367,1562.8620000000003,117.402
6368,1563.0144000000003,129.706
6369,1563.1668000000002,129.105
6370,1563.3192000000001,118.165
6371,1563.4716,105.656
6372,1563.624,96.832
6373,1563.7764,98.452
6374,1563.9288,105.297
6375,1564.0812000000003,113.632
6376,1564.2336000000003,113.012
6377,1564.3860000000002,105.559
6378,1564.5384000000001,98.473
6379,1564.6908,99.474
6380,1564.8432,101.849
6381,1564.9956,101.605
6382,1565.148,100.113
6383,1565.3004000000003,102.615
6384,1565.4528000000003,105.964
6385,1565.6052000000002,107.949
6386,1565.7576000000001,106.346
6387,1565.91,107.466
6388,1566.0624,109.576
6389,1566.2148,109.583
6390,1566.3672,106.99
6391,1566.5196000000003,100.291
6392,1566.6720000000003,92.922
6393,1566.8244000000002,87.577
6394,1566.9768000000001,94.559
6395,1567.1292,102.316
6396,1567.2816,106.78
6397,1567.434,106.167
6398,1567.5864,103.574
6399,1567.7388000000003,98.341
6400,1567.8912000000003,90.097
6401,1568.0436000000002,83.667
6402,1568.1960000000001,87.757
6403,1568.3484,92.866
6404,1568.5008,95.497
6405,1568.6532,97.25
6406,1568.8056,99.0
6407,1568.9580000000003,99.125
6408,1569.1104000000003,97.125
6409,1569.2628000000002,93.875
6410,1569.4152000000001,92.375
6411,1569.5676,92.375
6412,1569.72,91.0
6413,1569.8724,89.257
6414,1570.0248,83.193
6415,1570.1772000000003,76.008
6416,1570.3296000000003,78.985
6417,1570.4820000000002,89.134
6418,1570.6344000000001,101.25
6419,1570.7868,105.594
6420,1570.9392,104.852
6421,1571.0916,102.25
6422,1571.244,101.125
6423,1571.3964000000003,104.48
6424,1571.5488000000003,106.089
6425,1571.7012000000002,104.48
6426,1571.8536000000001,100.25
6427,1572.006,91.25
6428,1572.1584,87.772
6429,1572.3108,93.75
6430,1572.4632,102.375
6431,1572.6156000000003,110.792
6432,1572.7680000000003,109.431
6433,1572.9204000000002,106.46
6434,1573.0728000000001,103.243
6435,1573.2252,97.125
6436,1573.3776,91.625
6437,1573.53,91.625
6438,1573.6824,91.75
6439,1573.8348000000003,86.782
6440,1573.9872000000003,87.03
6441,1574.1396000000002,92.125
6442,1574.2920000000001,99.125
6443,1574.4444,98.5
6444,1574.5968,97.25
6445,1574.7492,96.377
6446,1574.9016,92.633
6447,1575.0540000000003,90.516
6448,1575.2064000000003,90.272
6449,1575.3588000000002,88.543
6450,1575.5112000000001,89.292
6451,1575.6636,93.031
6452,1575.816,96.896
6453,1575.9684,100.633
6454,1576.1208,104.863
6455,1576.2732000000003,104.491
6456,1576.4256000000003,102.873
6457,1576.5780000000002,103.372
6458,1576.7304000000001,103.746
6459,1576.8828,101.507
6460,1577.0352,98.407
6461,1577.1876,98.285
6462,1577.34,103.124
6463,1577.4924000000003,105.872
6464,1577.6448000000003,103.0
6465,1577.7972000000002,98.168
6466,1577.9496000000001,95.322
6467,1578.102,92.847
6468,1578.2544,90.124
6469,1578.4068,90.99
6470,1578.5592,94.332
6471,1578.7116000000003,95.569
6472,1578.8640000000003,94.084
6473,1579.0164000000002,89.381
6474,1579.1688000000001,84.926
6475,1579.3212,82.451
6476,1579.4736,83.317
6477,1579.626,88.515
6478,1579.7784,95.446
6479,1579.9308000000003,94.084
6480,1580.0832000000003,95.569
6481,1580.2356000000002,94.951
6482,1580.3880000000001,93.837
6483,1580.5404,95.198
6484,1580.6928,93.094
6485,1580.8452,92.108
6486,1580.9976,92.238
6487,1581.1500000000003,89.397
6488,1581.3024000000003,86.928
6489,1581.4548000000002,84.335
6490,1581.6072000000001,80.504
6491,1581.7596,80.758
6492,1581.912,83.859
6493,1582.0644,87.083
6494,1582.2168,88.45
6495,1582.3692000000003,84.001
6496,1582.5216000000003,84.255
6497,1582.6740000000002,92.182
6498,1582.8264000000001,101.346
6499,1582.9788,100.239
6500,1583.1312,96.903
6501,1583.2836,84.904
6502,1583.436,79.094
6503,1583.5884000000003,75.867
6504,1583.7408000000003,77.497
6505,1583.8932000000002,79.109
6506,1584.0456000000001,80.965
6507,1584.198,83.564
6508,1584.3504,88.639
6509,1584.5028,88.639
6510,1584.6552,90.743
6511,1584.8076000000003,94.579
6512,1584.9600000000003,98.54
6513,1585.1124000000002,102.005
6514,1585.2648000000002,101.881
6515,1585.4172,100.52
6516,1585.5696,100.272
6517,1585.722,99.53
6518,1585.8744,102.376
6519,1586.0268000000003,103.123
6520,1586.1792000000003,103.498
6521,1586.3316000000002,103.873
6522,1586.4840000000002,100.767
6523,1586.6364,100.272
6524,1586.7888,99.777
6525,1586.9412,98.418
6526,1587.0936,93.592
6527,1587.2460000000003,85.545
6528,1587.3984000000003,76.015
6529,1587.5508000000002,79.48
6530,1587.7032000000002,89.01
6531,1587.8556,97.947
6532,1588.008,97.826
6533,1588.1604,98.824
6534,1588.3128,99.948
6535,1588.4652000000003,97.962
6536,1588.6176000000003,94.108
6537,1588.7700000000002,87.154
6538,1588.9224000000002,81.213
6539,1589.0748,80.965
6540,1589.2272,88.144
6541,1589.3796,97.737
6542,1589.532,101.736
6543,1589.6844000000003,97.12
6544,1589.8368000000003,92.749
6545,1589.9892000000002,93.252
6546,1590.1416000000002,97.629
6547,1590.294,102.001
6548,1590.4464,98.881
6549,1590.5988,91.4
6550,1590.7512,91.53
6551,1590.9036000000003,98.015
6552,1591.0560000000003,104.612
6553,1591.2084000000002,103.743
6554,1591.3608000000002,100.012
6555,1591.5132,98.272
6556,1591.6656,98.399
6557,1591.818,95.047
6558,1591.9704,89.217
6559,1592.1228000000003,82.293
6560,1592.2752000000003,81.185
6561,1592.4276000000002,83.295
6562,1592.5800000000002,85.034
6563,1592.7324,86.897
6564,1592.8848,93.463
6565,1593.0372,89.381
6566,1593.1896,86.782
6567,1593.3420000000003,88.762
6568,1593.4944000000003,87.525
6569,1593.6468000000002,85.916
6570,1593.7992000000002,87.896
6571,1593.9516,88.886
6572,1594.104,90.994
6573,1594.2564,93.232
6574,1594.4088,91.492
6575,1594.5612000000003,87.649
6576,1594.7136000000003,87.649
6577,1594.8660000000002,88.391
6578,1595.0184000000002,87.277
6579,1595.1708,87.649
6580,1595.3232,86.411
6581,1595.4756,81.337
6582,1595.628,79.728
6583,1595.7804000000003,82.822
6584,1595.9328000000003,85.668
6585,1596.0852000000002,83.444
6586,1596.2376000000002,84.688
6587,1596.39,91.139
6588,1596.5424,95.138
6589,1596.6948,96.763
6590,1596.8472,96.891
6591,1596.9996000000003,95.149
6592,1597.1520000000003,91.541
6593,1597.3044000000002,86.835
6594,1597.4568000000002,83.128
6595,1597.6092,83.629
6596,1597.7616,87.472
6597,1597.914,87.478
6598,1598.0664,89.836
6599,1598.2188000000003,93.937
6600,1598.3712000000003,96.794
6601,1598.5236000000002,101.012
6602,1598.6760000000002,106.62
6603,1598.8284,107.746
6604,1598.9808,105.125
6605,1599.1332,98.418
6606,1599.2856,91.734
6607,1599.4380000000003,86.04
6608,1599.5904000000003,85.916
6609,1599.7428000000002,91.364
6610,1599.8952000000002,94.84
6611,1600.0476,97.202
6612,1600.2,98.696
6613,1600.3524,100.067
6614,1600.5048,102.559
6615,1600.6572000000003,99.58
6616,1600.8096000000003,94.73
6617,1600.9620000000002,90.623
6618,1601.1144000000002,90.0
6619,1601.2668,91.62
6620,1601.4192,94.116
6621,1601.5716,94.118
6622,1601.724,92.122
6623,1601.8764000000003,89.257
6624,1602.0288000000003,87.03
6625,1602.1812000000002,86.411
6626,1602.3336000000002,83.193
6627,1602.486,78.861
6628,1602.6384,72.426
6629,1602.7908,67.352
6630,1602.9432,69.332
6631,1603.0956000000003,81.089
6632,1603.2480000000003,93.625
6633,1603.4004000000002,98.25
6634,1603.5528000000002,95.0
6635,1603.7052,90.5
6636,1603.8576,91.0
6637,1604.01,93.375
6638,1604.1624,93.0
6639,1604.3148000000003,90.125
6640,1604.4672000000003,88.144
6641,1604.6196000000002,86.411
6642,1604.7720000000002,84.678
6643,1604.9244,85.668
6644,1605.0768,89.505
6645,1605.2292,93.253
6646,1605.3816,92.384
6647,1605.5340000000003,91.641
6648,1605.6864000000003,90.147
6649,1605.8388000000002,89.904
6650,1605.9912000000002,90.784
6651,1606.1436,87.813
6652,1606.296,84.725
6653,1606.4484,85.597
6654,1606.6008,89.193
6655,1606.7532000000003,96.566
6656,1606.9056000000003,106.408
6657,1607.0580000000002,107.652
6658,1607.2104000000002,111.371
6659,1607.3628,113.605
6660,1607.5152,108.413
6661,1607.6676,100.853
6662,1607.82,97.859
6663,1607.9724000000003,95.866
6664,1608.1248000000003,91.122
6665,1608.2772000000002,89.257
6666,1608.4296000000002,88.762
6667,1608.582,86.906
6668,1608.7344,88.762
6669,1608.8868,92.25
6670,1609.0392,99.125
6671,1609.1916000000003,103.366
6672,1609.3440000000003,103.243
6673,1609.4964000000002,100.625
6674,1609.6488000000002,101.625
6675,1609.8012,101.25
6676,1609.9536,95.875
6677,1610.106,93.375
6678,1610.2584,92.25
6679,1610.4108000000003,90.5
6680,1610.5632000000003,89.01
6681,1610.7156000000002,89.381
6682,1610.8680000000002,95.125
6683,1611.0204,99.375
6684,1611.1728,101.125
6685,1611.3252,102.871
6686,1611.4776,103.119
6687,1611.6300000000003,101.876
6688,1611.7824000000003,102.126
6689,1611.9348000000002,100.255
6690,1612.0872000000002,99.259
6691,1612.2396,99.012
6692,1612.392,99.636
6693,1612.5444,96.526
6694,1612.6968,91.304
6695,1612.8492000000003,92.428
6696,1613.0016000000003,94.546
6697,1613.1540000000002,94.798
6698,1613.3064000000002,93.561
6699,1613.4588,94.31
6700,1613.6112,95.678
6701,1613.7636,92.83
6702,1613.916,92.959
6703,1614.0684000000003,94.45
6704,1614.2208000000003,94.206
6705,1614.3732000000002,93.961
6706,1614.5256000000002,93.592
6707,1614.678,90.991
6708,1614.8304,86.658
6709,1614.9828,88.639
6710,1615.1352,91.737
6711,1615.2875999999999,92.359
6712,1615.4400000000003,91.988
6713,1615.5924000000002,92.983
6714,1615.7448000000002,95.596
6715,1615.8972,97.962
6716,1616.0496,95.975
6717,1616.202,91.993
6718,1616.3544,90.125
6719,1616.5067999999999,87.896
6720,1616.6592000000003,82.574
6721,1616.8116000000002,82.574
6722,1616.9640000000002,82.574
6723,1617.1164,82.079
6724,1617.2688,82.574
6725,1617.4212,81.089
6726,1617.5736,78.738
6727,1617.7259999999999,80.965
6728,1617.8784000000003,85.545
6729,1618.0308000000002,90.0
6730,1618.1832000000002,92.375
6731,1618.3356,93.375
6732,1618.488,92.5
6733,1618.6404,90.375
6734,1618.7928,91.625
6735,1618.9451999999999,95.25
6736,1619.0976000000003,103.119
6737,1619.2500000000002,112.772
6738,1619.4024000000002,115.765
6739,1619.5548000000001,113.267
6740,1619.7072,109.059
6741,1619.8596,104.48
6742,1620.012,99.25
6743,1620.1644,92.5
6744,1620.3168000000003,86.411
6745,1620.4692000000002,85.548
6746,1620.6216000000002,86.668
6747,1620.7740000000001,89.026
6748,1620.9264,91.145
6749,1621.0788,91.4
6750,1621.2312,91.78
6751,1621.3836,94.152
6752,1621.5360000000003,97.021
6753,1621.6884000000002,97.272
6754,1621.8408000000002,96.155
6755,1621.9932000000001,94.294
6756,1622.1456,94.173
6757,1622.298,94.923
6758,1622.4504,95.051
6759,1622.6028,94.93
6760,1622.7552000000003,92.453
6761,1622.9076000000002,89.484
6762,1623.0600000000002,90.356
6763,1623.2124000000001,91.725
6764,1623.3648,93.958
6765,1623.5172,94.455
6766,1623.6696,98.663
6767,1623.822,105.375
6768,1623.9744000000003,112.125
6769,1624.1268000000002,120.934
6770,1624.2792000000002,124.343
6771,1624.4316000000001,124.596
6772,1624.584,119.293
6773,1624.7364,108.625
6774,1624.8888,96.807
6775,1625.0412,84.555
6776,1625.1936000000003,74.777
6777,1625.3460000000002,73.54
6778,1625.4984000000002,84.678
6779,1625.6508000000001,100.767
6780,1625.8032,108.375
6781,1625.9556,103.375
6782,1626.108,96.683
6783,1626.2604,80.594
6784,1626.4128000000003,60.25
6785,1626.5652000000002,46.863
6786,1626.7176000000002,44.289
6787,1626.8700000000001,41.961
6788,1627.0224,39.625
6789,1627.1748,38.25
6790,1627.3272,41.593
6791,1627.4796,47.476
6792,1627.6320000000003,51.52
6793,1627.7844000000002,56.75
6794,1627.9368000000002,62.875
6795,1628.0892000000001,67.239
6796,1628.2416,73.215
6797,1628.394,80.919
6798,1628.5464,87.485
6799,1628.6988,94.422
6800,1628.8512000000003,92.571
6801,1629.0036000000002,88.865
6802,1629.1560000000002,84.787
6803,1629.3084000000001,77.116
6804,1629.4608,69.749
6805,1629.6132,69.75
6806,1629.7656,70.25
6807,1629.918,70.625
6808,1630.0704000000003,69.75
6809,1630.2228000000002,68.75
6810,1630.3752000000002,62.75
6811,1630.5276000000001,61.75
6812,1630.68,58.375
6813,1630.8324,53.625
6814,1630.9848,50.784
6815,1631.1372,51.397
6816,1631.2896000000003,54.625
6817,1631.4420000000002,58.875
6818,1631.5944000000002,60.125
6819,1631.7468000000001,54.125
6820,1631.8992,47.353
6821,1632.0516,44.657
6822,1632.204,46.373
6823,1632.3564,49.191
6824,1632.5088000000003,52.75
6825,1632.6612000000002,56.75
6826,1632.8136000000002,59.25
6827,1632.9660000000001,56.125
6828,1633.1184,49.314
6829,1633.2708,43.186
6830,1633.4232,44.779
6831,1633.5756,50.907
6832,1633.7280000000003,56.625
6833,1633.8804000000002,53.625
6834,1634.0328000000002,49.069
6835,1634.1852000000001,46.985
6836,1634.3376,45.27
6837,1634.49,44.167
6838,1634.6424,43.554
6839,1634.7948,44.657
6840,1634.9472000000003,46.005
6841,1635.0996000000002,47.598
6842,1635.2520000000002,49.559
6843,1635.4044000000001,53.5
6844,1635.5568,63.25
6845,1635.7092,77.748
6846,1635.8616,92.723
6847,1636.014,103.49
6848,1636.1664000000003,111.163
6849,1636.3188000000002,106.832
6850,1636.4712000000002,103.738
6851,1636.6236000000001,103.49
6852,1636.776,104.48
6853,1636.9284,105.965
6854,1637.0808,105.718
6855,1637.2332,102.748
6856,1637.3856000000003,101.757
6857,1637.5380000000002,99.53
6858,1637.6904000000002,99.158
6859,1637.8428000000001,101.386
6860,1637.9952,101.634
6861,1638.1476,99.53
6862,1638.3,95.446
6863,1638.4524,89.381
6864,1638.6048000000003,87.401
6865,1638.7572000000002,86.287
6866,1638.9096000000002,84.926
6867,1639.0620000000001,85.173
6868,1639.2144,89.753
6869,1639.3668,97.055
6870,1639.5192,98.911
6871,1639.6716,95.198
6872,1639.8240000000003,91.98
6873,1639.9764000000002,90.0
6874,1640.1288000000002,89.257
6875,1640.2812000000001,92.599
6876,1640.4336,97.302
6877,1640.586,101.139
6878,1640.7384,102.005
6879,1640.8908,97.797
6880,1641.0432000000003,92.97
6881,1641.1956000000002,89.381
6882,1641.3480000000002,78.738
6883,1641.5004000000001,64.75
6884,1641.6528,64.625
6885,1641.8052,63.625
6886,1641.9576,61.0
6887,1642.11,56.5
6888,1642.2624000000003,50.42
6889,1642.4148000000002,46.875
6890,1642.5672000000002,46.634
6891,1642.7196000000001,47.98
6892,1642.872,51.035
6893,1643.0244,54.875
6894,1643.1768,57.125
6895,1643.3292,60.25
6896,1643.4816000000003,61.125
6897,1643.6340000000002,53.625
6898,1643.7864000000002,45.683
6899,1643.9388000000001,41.914
6900,1644.0912,40.824
6901,1644.2436,43.383
6902,1644.396,49.705
6903,1644.5484,56.25
6904,1644.7008000000003,63.75
6905,1644.8532000000002,74.376
6906,1645.0056000000002,82.079
6907,1645.1580000000001,87.772
6908,1645.3104,87.03
6909,1645.4628,85.792
6910,1645.6152,87.772
6911,1645.7676,90.495
6912,1645.9200000000003,93.094
6913,1646.0724000000002,96.188
6914,1646.2248000000002,95.446
6915,1646.3772000000001,102.873
6916,1646.5296,111.089
6917,1646.682,115.711
6918,1646.8344,107.733
6919,1646.9868,89.505
6920,1647.1392000000003,67.329
6921,1647.2916000000002,50.399
6922,1647.4440000000002,43.427
6923,1647.5964000000001,41.592
6924,1647.7488,40.858
6925,1647.9012,44.657
6926,1648.0536,55.75
6927,1648.206,71.188
6928,1648.3584000000003,87.277
6929,1648.5108000000002,99.53
6930,1648.6632000000002,99.53
6931,1648.8156000000001,96.312
6932,1648.968,88.639
6933,1649.1204,84.555
6934,1649.2728,82.698
6935,1649.4252,78.119
6936,1649.5776000000003,73.168
6937,1649.7300000000002,71.064
6938,1649.8824000000002,71.064
6939,1650.0348000000001,78.119
6940,1650.1872,87.401
6941,1650.3396,94.827
6942,1650.492,95.198
6943,1650.6444,83.936
6944,1650.7968000000003,68.218
6945,1650.9492000000002,52.878
6946,1651.1016000000002,50.179
6947,1651.2540000000001,47.485
6948,1651.4064,48.225
6949,1651.5588,51.177
6950,1651.7112,55.16
6951,1651.8636,58.041
6952,1652.0160000000003,54.797
6953,1652.1684000000002,54.928
6954,1652.3208000000002,58.935
6955,1652.4732000000001,63.566
6956,1652.6256,66.804
6957,1652.778,67.924
6958,1652.9304,59.71
6959,1653.0828,51.232
6960,1653.2352000000003,47.409
6961,1653.3876000000002,51.861
6962,1653.5400000000002,54.985
6963,1653.6924000000001,58.991
6964,1653.8448,60.997
6965,1653.9972,59.125
6966,1654.1496,52.875
6967,1654.302,47.797
6968,1654.4544000000003,46.064
6969,1654.6068000000002,43.837
6970,1654.7592000000002,41.733
6971,1654.9116000000001,38.5
6972,1655.064,39.125
6973,1655.2164,42.97
6974,1655.3688,53.5
6975,1655.5212,65.866
6976,1655.6736000000003,80.347
6977,1655.8260000000002,91.733
6978,1655.9784000000002,88.886
6979,1656.1308000000001,88.515
6980,1656.2832,94.827
6981,1656.4356,99.777
6982,1656.588,97.302
6983,1656.7404,95.198
6984,1656.8928000000003,93.589
6985,1657.0452000000002,92.479
6986,1657.1976000000002,91.124
6987,1657.3500000000001,88.16
6988,1657.5024,84.205
6989,1657.6548,78.271
6990,1657.8072,70.957
6991,1657.9596,67.856
6992,1658.1120000000003,71.584
6993,1658.2644000000003,72.83
6994,1658.4168000000002,73.083
6995,1658.5692000000001,71.221
6996,1658.7216,68.859
6997,1658.874,68.238
6998,1659.0264,69.485
6999,1659.1788,68.615
7000,1659.3312000000003,66.247
7001,1659.4836000000003,65.749
7002,1659.6360000000002,71.866
7003,1659.7884000000001,82.441
7004,1659.9408,91.482
7005,1660.0932,84.926
7006,1660.2456,76.625
7007,1660.398,65.125
7008,1660.5504000000003,54.25
7009,1660.7028000000003,44.289
7010,1660.8552000000002,40.858
7011,1661.0076000000001,41.838
7012,1661.16,44.534
7013,1661.3124,48.946
7014,1661.4648,51.152
7015,1661.6172,51.887
7016,1661.7696000000003,50.784
7017,1661.9220000000003,48.701
7018,1662.0744000000002,48.088
7019,1662.2268000000001,49.314
7020,1662.3792,49.069
7021,1662.5316,47.353
7022,1662.684,48.701
7023,1662.8364,51.765
7024,1662.9888000000003,54.375
7025,1663.1412000000003,55.25
7026,1663.2936000000002,51.029
7027,1663.4460000000001,48.456
7028,1663.5984,54.0
7029,1663.7508,55.875
7030,1663.9032,54.0
7031,1664.0556,53.125
7032,1664.2080000000003,56.875
7033,1664.3604000000003,65.125
7034,1664.5128000000002,72.875
7035,1664.6652000000001,76.5
7036,1664.8176,75.125
7037,1664.97,79.48
7038,1665.1224,82.451
7039,1665.2748,74.125
7040,1665.4272000000003,69.125
7041,1665.5796000000003,74.625
7042,1665.7320000000002,79.233
7043,1665.8844000000001,86.287
7044,1666.0368,94.455
7045,1666.1892,88.391
7046,1666.3416,77.995
7047,1666.494,64.5
7048,1666.6464000000003,52.625
7049,1666.7988000000003,61.375
7050,1666.9512000000002,72.375
7051,1667.1036000000001,88.02
7052,1667.256,96.312
7053,1667.4084,90.99
7054,1667.5608,83.688
7055,1667.7132,77.125
7056,1667.8656000000003,71.25
7057,1668.0180000000003,80.099
7058,1668.1704000000002,87.896
7059,1668.3228000000001,89.629
7060,1668.4752,81.832
7061,1668.6276,71.0
7062,1668.78,64.25
7063,1668.9324,65.25
7064,1669.0848000000003,67.0
7065,1669.2372000000003,65.625
7066,1669.3896000000002,65.375
7067,1669.5420000000001,66.75
7068,1669.6944,68.0
7069,1669.8468,65.5
7070,1669.9992,61.5
7071,1670.1516,59.25
7072,1670.3040000000003,57.375
7073,1670.4564000000003,56.0
7074,1670.6088000000002,54.25
7075,1670.7612000000001,54.125
7076,1670.9136,56.5
7077,1671.066,62.0
7078,1671.2184,66.625
7079,1671.3708,69.75
7080,1671.5232000000003,73.25
7081,1671.6756000000003,77.748
7082,1671.8280000000002,80.842
7083,1671.9804000000001,82.946
7084,1672.1328,84.555
7085,1672.2852,84.307
7086,1672.4376,80.347
7087,1672.59,76.875
7088,1672.7424000000003,73.625
7089,1672.8948000000003,67.25
7090,1673.0472000000002,55.5
7091,1673.1996000000001,49.549
7092,1673.352,50.655
7093,1673.5044,55.125
7094,1673.6568,59.625
7095,1673.8092,64.25
7096,1673.9616000000003,65.5
7097,1674.1140000000003,67.0
7098,1674.2664000000002,68.375
7099,1674.4188000000001,65.125
7100,1674.5712,57.125
7101,1674.7236,54.25
7102,1674.876,58.5
7103,1675.0284,66.625
7104,1675.1808000000003,70.875
7105,1675.3332000000003,73.125
7106,1675.4856000000002,67.75
7107,1675.6380000000001,57.5
7108,1675.7904,56.375
7109,1675.9428,57.25
7110,1676.0952,59.75
7111,1676.2476,66.0
7112,1676.4000000000003,75.0
7113,1676.5524000000003,77.25
7114,1676.7048000000002,65.875
7115,1676.8572000000001,58.125
7116,1677.0096,64.125
7117,1677.162,72.625
7118,1677.3144,77.0
7119,1677.4668,76.125
7120,1677.6192000000003,80.47
7121,1677.7716000000003,93.218
7122,1677.9240000000002,102.253
7123,1678.0764000000001,99.654
7124,1678.2288,95.941
7125,1678.3812,95.817
7126,1678.5336,97.55
7127,1678.686,100.272
7128,1678.8384000000003,102.875
7129,1678.9908000000003,104.625
7130,1679.1432000000002,104.75
7131,1679.2956000000001,106.875
7132,1679.448,111.375
7133,1679.6004,116.768
7134,1679.7528,107.625
7135,1679.9052,92.104
7136,1680.0576000000003,72.75
7137,1680.2100000000003,56.875
7138,1680.3624000000002,49.654
7139,1680.5148000000002,47.55
7140,1680.6672,46.064
7141,1680.8196,53.75
7142,1680.972,72.375
7143,1681.1244,90.124
7144,1681.2768000000003,106.75
7145,1681.4292000000003,102.253
7146,1681.5816000000002,97.797
7147,1681.7340000000002,94.703
7148,1681.8864,91.98
7149,1682.0388,95.693
7150,1682.1912,96.064
7151,1682.3436,89.876
7152,1682.4960000000003,83.936
7153,1682.6484000000003,85.173
7154,1682.8008000000002,86.535
7155,1682.9532000000002,82.574
7156,1683.1056,74.5
7157,1683.258,64.875
7158,1683.4104,58.375
7159,1683.5628,53.5
7160,1683.7152000000003,56.75
7161,1683.8676000000003,60.5
7162,1684.0200000000002,60.25
7163,1684.1724000000002,57.875
7164,1684.3248,57.75
7165,1684.4772,57.5
7166,1684.6296,55.25
7167,1684.782,51.015
7168,1684.9344000000003,49.406
7169,1685.0868000000003,51.139
7170,1685.2392000000002,51.634
7171,1685.3916000000002,51.757
7172,1685.544,51.881
7173,1685.6964,53.0
7174,1685.8488,54.75
7175,1686.0012,60.25
7176,1686.1536000000003,67.875
7177,1686.3060000000003,70.0
7178,1686.4584000000002,69.5
7179,1686.6108000000002,71.375
7180,1686.7632,76.625
7181,1686.9156,81.213
7182,1687.068,83.564
7183,1687.2204,88.144
7184,1687.3728000000003,92.723
7185,1687.5252000000003,96.436
7186,1687.6776000000002,100.52
7187,1687.8300000000002,101.881
7188,1687.9824,102.005
7189,1688.1348,97.055
7190,1688.2872,85.792
7191,1688.4396,73.25
7192,1688.5920000000003,60.5
7193,1688.7444000000003,58.625
7194,1688.8968000000002,59.125
7195,1689.0492000000002,65.125
7196,1689.2016,71.5
7197,1689.354,78.366
7198,1689.5064,83.812
7199,1689.6588,89.629
7200,1689.8112000000003,93.342
7201,1689.9636000000003,95.322
7202,1690.1160000000002,96.683
7203,1690.2684000000002,97.302
7204,1690.4208,89.381
7205,1690.5732,72.0
7206,1690.7256,63.125
7207,1690.878,64.625
7208,1691.0304000000003,66.625
7209,1691.1828000000003,68.875
7210,1691.3352000000002,76.875
7211,1691.4876000000002,90.743
7212,1691.64,101.757
7213,1691.7924,104.875
7214,1691.9448,105.375
7215,1692.0972,103.25
7216,1692.2496000000003,100.272
7217,1692.4020000000003,98.045
7218,1692.5544000000002,101.139
7219,1692.7068000000002,102.253
7220,1692.8592,101.634
7221,1693.0116,100.52
7222,1693.164,100.272
7223,1693.3164,99.035
7224,1693.4688000000003,95.569
7225,1693.6212000000003,91.733
7226,1693.7736000000002,88.267
7227,1693.9260000000002,90.495
7228,1694.0784,93.713
7229,1694.2308,100.891
7230,1694.3832,106.0
7231,1694.5356,110.0
7232,1694.6880000000003,108.875
7233,1694.8404000000003,104.75
7234,1694.9928000000002,97.426
7235,1695.1452000000002,99.406
7236,1695.2976,99.406
7237,1695.45,97.302
7238,1695.6024,94.332
7239,1695.7548,92.228
7240,1695.9072000000003,91.609
7241,1696.0596000000003,94.084
